2014-08-15T19:00:00.359Z,3,127508,129,255,8,02,00,00,00,00,1e,75,06
2014-08-15T19:00:00.459Z,3,127508,129,255,8,02,00,00,00,00,1e,75,06
2014-08-15T19:00:10.359Z,3,127508,129,255,8,02,e2,04,0a,00,1e,75,07
2014-08-15T19:00:10.359Z,3,127508,129,255,8,02,e2,04,0a,00,1e,75,07
2014-08-15T19:00:10.459Z,3,127508,129,255,8,02,e2,04,0a,00,1e,75,07
2014-08-15T19:00:20.359Z,3,127508,129,255,8,02,00,00,00,00,1e,75,08
2014-08-15T19:00:20.459Z,3,127508,129,255,8,02,00,00,00,00,1e,75,08
2014-08-15T19:00:30.359Z,3,127508,129,255,8,02,e2,04,14,00,1e,75,09
2014-08-15T19:00:30.359Z,3,127508,129,255,8,02,e2,04,14,00,1e,75,09
2014-08-15T19:00:30.459Z,3,127508,129,255,8,02,e2,04,14,00,1e,75,09
2014-08-15T19:00:35.359Z,3,127508,129,255,8,01,15,05,00,00,1e,75,06
2014-08-15T19:00:35.875Z,3,127508,129,255,8,01,17,05,00,00,1e,75,06
2014-08-15T19:00:36.089Z,3,127508,129,255,8,01,18,05,00,00,1e,75,06
2014-08-15T19:00:36.668Z,3,127508,129,255,8,01,19,05,00,00,1e,75,07
2014-08-15T19:00:38.022Z,3,127508,129,255,8,01,1b,05,00,00,1e,75,07
2014-08-15T19:00:38.144Z,3,127508,129,255,8,01,1c,05,00,00,1e,75,07
2014-08-15T19:00:38.398Z,3,127508,129,255,8,01,1c,05,00,00,1e,75,07
2014-08-15T19:00:39.053Z,3,127508,129,255,8,01,1e,05,00,00,1e,75,07
2014-08-15T19:00:39.664Z,3,127508,129,255,8,01,1f,05,00,00,1e,75,08
2014-08-15T19:00:40.061Z,3,127508,129,255,8,01,20,05,00,00,1e,75,08
2014-08-15T19:00:40.359Z,3,127508,129,255,8,02,00,00,00,00,1e,75,0a
2014-08-15T19:00:40.459Z,3,127508,129,255,8,02,00,00,00,00,1e,75,0a
2014-08-15T19:00:40.652Z,3,127508,129,255,8,01,21,05,00,00,1e,75,08
2014-08-15T19:00:40.983Z,3,127508,129,255,8,01,23,05,00,00,1e,75,08
2014-08-15T19:00:41.329Z,3,127508,129,255,8,01,24,05,00,00,1e,75,08
2014-08-15T19:00:41.868Z,3,127508,129,255,8,01,25,05,00,00,1e,75,09
2014-08-15T19:00:42.511Z,3,127508,129,255,8,01,26,05,00,00,1e,75,09
2014-08-15T19:00:42.620Z,3,127508,129,255,8,01,27,05,00,00,1e,75,09
2014-08-15T19:00:43.082Z,3,127508,129,255,8,01,28,05,00,00,1e,75,09
2014-08-15T19:00:43.276Z,3,127508,129,255,8,01,29,05,00,00,1e,75,09
2014-08-15T19:00:44.086Z,3,127508,129,255,8,01,2a,05,00,00,1e,75,0a
2014-08-15T19:00:45.094Z,3,127508,129,255,8,01,2b,05,00,00,1e,75,0a
2014-08-15T19:00:45.771Z,3,127508,129,255,8,01,2c,05,00,00,1e,75,0a
2014-08-15T19:00:46.257Z,3,127508,129,255,8,01,2c,05,00,00,1e,75,0a
2014-08-15T19:00:46.720Z,3,127508,129,255,8,01,2e,05,00,00,1e,75,0a
2014-08-15T19:00:47.525Z,3,127508,129,255,8,01,2f,05,00,00,1e,75,0b
2014-08-15T19:00:48.342Z,3,127508,129,255,8,01,30,05,00,00,1e,75,0b
2014-08-15T19:00:48.370Z,3,127508,129,255,8,01,31,05,0a,00,1e,75,0b
2014-08-15T19:00:49.051Z,3,127508,129,255,8,01,36,05,70,00,1e,75,0b
2014-08-15T19:00:49.489Z,3,127508,129,255,8,01,3a,05,c4,00,1e,75,0b
2014-08-15T19:00:50.359Z,3,127508,129,255,8,02,e2,04,32,00,1e,75,0b
2014-08-15T19:00:50.359Z,3,127508,129,255,8,02,e2,04,32,00,1e,75,0b
2014-08-15T19:00:50.459Z,3,127508,129,255,8,02,e2,04,32,00,1e,75,0b
2014-08-15T19:00:50.578Z,3,127508,129,255,8,01,3c,05,ec,00,1e,75,0c
2014-08-15T19:00:51.438Z,3,127508,129,255,8,01,41,05,4a,01,1e,75,0c
2014-08-15T19:00:51.806Z,3,127508,129,255,8,01,42,05,3f,01,1e,75,0c
2014-08-15T19:00:52.217Z,3,127508,129,255,8,01,49,05,cb,01,1e,75,0c
2014-08-15T19:00:52.710Z,3,127508,129,255,8,01,4e,05,3b,02,1e,75,0c
2014-08-15T19:00:53.222Z,3,127508,129,255,8,01,51,05,76,02,1e,75,0c
2014-08-15T19:00:54.481Z,3,127508,129,255,8,01,53,05,93,02,1e,75,0c
2014-08-15T19:00:55.149Z,3,127508,129,255,8,01,55,05,be,02,1e,75,0c
2014-08-15T19:00:55.437Z,3,127508,129,255,8,01,59,05,05,03,1e,75,0c
2014-08-15T19:00:56.089Z,3,127508,129,255,8,01,5c,05,4e,03,1e,75,0c
2014-08-15T19:00:57.086Z,3,127508,129,255,8,01,61,05,b0,03,1e,75,0e
2014-08-15T19:00:58.111Z,3,127508,129,255,8,01,65,05,0b,04,1e,75,0e
2014-08-15T19:00:58.278Z,3,127508,129,255,8,01,69,05,64,04,1e,75,0e
2014-08-15T19:00:58.907Z,3,127508,129,255,8,01,6b,05,7f,04,1e,75,0e
2014-08-15T19:00:59.030Z,3,127508,129,255,8,01,6c,05,99,04,1e,75,0e
2014-08-15T19:01:00.359Z,3,127508,129,255,8,02,00,00,00,00,1e,75,16
2014-08-15T19:01:00.368Z,3,127508,129,255,8,01,70,05,e9,04,1e,75,0f
2014-08-15T19:01:00.459Z,3,127508,129,255,8,02,00,00,00,00,1e,75,16
2014-08-15T19:01:01.380Z,3,127508,129,255,8,01,6f,05,c2,04,1e,75,0f
2014-08-15T19:01:01.387Z,3,127508,129,255,8,01,73,05,15,05,1e,75,0f
2014-08-15T19:01:01.984Z,3,127508,129,255,8,01,77,05,6c,05,1e,75,0f
2014-08-15T19:01:02.333Z,3,127508,129,255,8,01,7b,05,bc,05,1e,75,0f
2014-08-15T19:01:02.595Z,3,127508,129,255,8,01,7a,05,a4,05,1e,75,10
2014-08-15T19:01:03.960Z,3,127508,129,255,8,01,80,05,1e,06,1e,75,10
2014-08-15T19:01:04.229Z,3,127508,129,255,8,01,81,05,39,06,1e,75,10
2014-08-15T19:01:04.443Z,3,127508,129,255,8,01,83,05,59,06,1e,75,10
2014-08-15T19:01:04.471Z,3,127508,129,255,8,01,37,05,b8,06,1e,75,10
2014-08-15T19:01:05.419Z,3,127508,129,255,8,01,58,05,3a,07,1e,75,11
2014-08-15T19:01:06.464Z,3,127508,129,255,8,01,5c,05,6f,07,1e,75,11
2014-08-15T19:01:06.474Z,3,127508,129,255,8,01,66,05,fc,07,1e,75,11
2014-08-15T19:01:07.147Z,3,127508,129,255,8,01,6c,05,50,08,1e,75,11
2014-08-15T19:01:07.217Z,3,127508,129,255,8,01,76,05,c9,08,1e,75,11
2014-08-15T19:01:07.782Z,3,127508,129,255,8,01,7a,05,08,09,1e,75,12
2014-08-15T19:01:08.973Z,3,127508,129,255,8,01,78,05,c5,08,1e,75,12
2014-08-15T19:01:09.302Z,3,127508,129,255,8,01,7a,05,e6,08,1e,75,12
2014-08-15T19:01:09.305Z,3,127508,129,255,8,01,7c,05,00,09,1e,75,12
2014-08-15T19:01:09.853Z,3,127508,129,255,8,01,7c,05,c7,08,1e,75,12
2014-08-15T19:01:10.359Z,3,127508,129,255,8,02,e2,04,0a,00,1e,75,17
2014-08-15T19:01:10.359Z,3,127508,129,255,8,02,e2,04,0a,00,1e,75,17
2014-08-15T19:01:10.378Z,3,127508,129,255,8,01,7e,05,e2,08,1e,75,13
2014-08-15T19:01:10.459Z,3,127508,129,255,8,02,e2,04,0a,00,1e,75,17
2014-08-15T19:01:12.016Z,3,127508,129,255,8,01,7e,05,c8,08,1e,75,13
2014-08-15T19:01:12.378Z,3,127508,129,255,8,01,7e,05,c0,08,1e,75,13
2014-08-15T19:01:12.818Z,3,127508,129,255,8,01,83,05,05,09,1e,75,13
2014-08-15T19:01:13.038Z,3,127508,129,255,8,01,85,05,16,09,1e,75,13
2014-08-15T19:01:13.506Z,3,127508,129,255,8,01,85,05,fc,08,1e,75,14
2014-08-15T19:01:13.907Z,3,127508,129,255,8,01,86,05,03,09,1e,75,14
2014-08-15T19:01:14.464Z,3,127508,129,255,8,01,87,05,f8,08,1e,75,14
2014-08-15T19:01:14.548Z,3,127508,129,255,8,01,88,05,01,09,1e,75,14
2014-08-15T19:01:14.747Z,3,127508,129,255,8,01,85,05,ba,08,1e,75,14
2014-08-15T19:01:15.040Z,3,127508,129,255,8,01,8a,05,04,09,1e,75,15
2014-08-15T19:01:15.799Z,3,127508,129,255,8,01,89,05,cf,08,1e,75,15
2014-08-15T19:01:16.206Z,3,127508,129,255,8,01,8b,05,ee,08,1e,75,15
2014-08-15T19:01:16.590Z,3,127508,129,255,8,01,8a,05,c1,08,1e,75,15
2014-08-15T19:01:17.150Z,3,127508,129,255,8,01,8a,05,ae,08,1e,75,15
2014-08-15T19:01:18.062Z,3,127508,129,255,8,01,8b,05,b0,08,1e,75,16
2014-08-15T19:01:19.526Z,3,127508,129,255,8,01,8e,05,e4,08,1e,75,16
2014-08-15T19:01:19.771Z,3,127508,129,255,8,01,8c,05,b0,08,1e,75,16
2014-08-15T19:01:20.348Z,3,127508,129,255,8,01,92,05,ff,08,1e,75,16
2014-08-15T19:01:20.359Z,3,127508,129,255,8,02,00,00,00,00,1e,75,18
2014-08-15T19:01:20.424Z,3,127508,129,255,8,01,91,05,e0,08,1e,75,16
2014-08-15T19:01:20.459Z,3,127508,129,255,8,02,00,00,00,00,1e,75,18
2014-08-15T19:01:20.979Z,3,127508,129,255,8,01,93,05,f1,08,1e,75,17
2014-08-15T19:01:21.284Z,3,127508,129,255,8,01,93,05,ef,08,1e,75,17
2014-08-15T19:01:21.308Z,3,127508,129,255,8,01,93,05,c7,08,1e,75,17
2014-08-15T19:01:21.709Z,3,127508,129,255,8,01,97,05,18,09,1e,75,17
2014-08-15T19:01:21.731Z,3,127508,129,255,8,01,97,05,fe,08,1e,75,17
2014-08-15T19:01:22.186Z,3,127508,129,255,8,01,94,05,b8,08,1e,75,18
2014-08-15T19:01:23.442Z,3,127508,129,255,8,01,98,05,04,09,1e,75,18
2014-08-15T19:01:24.018Z,3,127508,129,255,8,01,98,05,e9,08,1e,75,18
2014-08-15T19:01:24.615Z,3,127508,129,255,8,01,96,05,b6,08,1e,75,18
2014-08-15T19:01:24.751Z,3,127508,129,255,8,01,97,05,af,08,1e,75,18
2014-08-15T19:01:25.419Z,3,127508,129,255,8,01,98,05,b5,08,1e,75,19
2014-08-15T19:01:26.320Z,3,127508,129,255,8,01,9a,05,cb,08,1e,75,19
2014-08-15T19:01:26.701Z,3,127508,129,255,8,01,9c,05,e6,08,1e,75,19
2014-08-15T19:01:27.063Z,3,127508,129,255,8,01,9b,05,c4,08,1e,75,19
2014-08-15T19:01:27.582Z,3,127508,129,255,8,01,9e,05,f5,08,1e,75,19
2014-08-15T19:01:28.262Z,3,127508,129,255,8,01,9c,05,c9,08,1e,75,1a
2014-08-15T19:01:29.360Z,3,127508,129,255,8,01,9f,05,f0,08,1e,75,1a
2014-08-15T19:01:29.857Z,3,127508,129,255,8,01,a0,05,f6,08,1e,75,1a
2014-08-15T19:01:30.013Z,3,127508,129,255,8,01,9f,05,c8,08,1e,75,1a
2014-08-15T19:01:30.300Z,3,127508,129,255,8,01,9f,05,c6,08,1e,75,1a
2014-08-15T19:01:30.359Z,3,127508,129,255,8,02,e2,04,14,00,1e,75,19
2014-08-15T19:01:30.359Z,3,127508,129,255,8,02,e2,04,14,00,1e,75,19
2014-08-15T19:01:30.459Z,3,127508,129,255,8,02,e2,04,14,00,1e,75,19
2014-08-15T19:01:30.670Z,3,127508,129,255,8,01,50,05,af,08,1e,75,1b
2014-08-15T19:01:31.963Z,3,127508,129,255,8,01,4f,05,af,08,1e,75,1b
2014-08-15T19:01:32.400Z,3,127508,129,255,8,01,85,05,cf,08,1e,75,1b
2014-08-15T19:01:32.910Z,3,127508,129,255,8,01,86,05,cc,08,1e,75,1b
2014-08-15T19:01:33.133Z,3,127508,129,255,8,01,89,05,f1,08,1e,75,1b
2014-08-15T19:01:33.791Z,3,127508,129,255,8,01,88,05,cb,08,1e,75,1c
2014-08-15T19:01:35.676Z,3,127508,129,255,8,01,8b,05,f4,08,1e,75,1c
2014-08-15T19:01:35.982Z,3,127508,129,255,8,01,8c,05,ec,08,1e,75,1c
2014-08-15T19:01:36.275Z,3,127508,129,255,8,01,8f,05,13,09,1e,75,1c
2014-08-15T19:01:36.541Z,3,127508,129,255,8,01,8c,05,c4,08,1e,75,1c
2014-08-15T19:01:37.227Z,3,127508,129,255,8,01,8c,05,af,08,1e,75,1c
2014-08-15T19:01:38.483Z,3,127508,129,255,8,01,90,05,e6,08,1e,75,1c
2014-08-15T19:01:38.926Z,3,127508,129,255,8,01,90,05,cb,08,1e,75,1c
2014-08-15T19:01:39.269Z,3,127508,129,255,8,01,93,05,ef,08,1e,75,1c
2014-08-15T19:01:39.943Z,3,127508,129,255,8,01,94,05,ee,08,1e,75,1c
2014-08-15T19:01:40.359Z,3,127508,129,255,8,02,00,00,00,00,1e,75,1a
2014-08-15T19:01:40.459Z,3,127508,129,255,8,02,00,00,00,00,1e,75,1a
2014-08-15T19:01:40.667Z,3,127508,129,255,8,01,92,05,c1,08,1e,75,1e
2014-08-15T19:01:42.006Z,3,127508,129,255,8,01,93,05,c4,08,1e,75,1e
2014-08-15T19:01:42.158Z,3,127508,129,255,8,01,97,05,f6,08,1e,75,1e
2014-08-15T19:01:42.397Z,3,127508,129,255,8,01,98,05,fc,08,1e,75,1e
2014-08-15T19:01:42.609Z,3,127508,129,255,8,01,97,05,c0,08,1e,75,1e
2014-08-15T19:01:43.437Z,3,127508,129,255,8,01,96,05,ae,08,1e,75,1f
2014-08-15T19:01:44.401Z,3,127508,129,255,8,01,9a,05,eb,08,1e,75,1f
2014-08-15T19:01:44.494Z,3,127508,129,255,8,01,99,05,c3,08,1e,75,1f
2014-08-15T19:01:44.620Z,3,127508,129,255,8,01,99,05,b8,08,1e,75,1f
2014-08-15T19:01:44.970Z,3,127508,129,255,8,01,9e,05,0a,09,1e,75,1f
2014-08-15T19:01:45.738Z,3,127508,129,255,8,01,9e,05,f7,08,1e,75,20
2014-08-15T19:01:46.229Z,3,127508,129,255,8,01,9c,05,c4,08,1e,75,20
2014-08-15T19:01:46.304Z,3,127508,129,255,8,01,9c,05,b7,08,1e,75,20
2014-08-15T19:01:46.935Z,3,127508,129,255,8,01,a2,05,0e,09,1e,75,20
2014-08-15T19:01:47.424Z,3,127508,129,255,8,01,9e,05,b6,08,1e,75,20
2014-08-15T19:01:48.197Z,3,127508,129,255,8,01,a3,05,08,09,1e,75,21
2014-08-15T19:01:49.522Z,3,127508,129,255,8,01,a3,05,f2,08,1e,75,21
2014-08-15T19:01:49.857Z,3,127508,129,255,8,01,a1,05,b7,08,1e,75,21
2014-08-15T19:01:50.334Z,3,127508,129,255,8,01,a5,05,06,09,1e,75,21
2014-08-15T19:01:50.359Z,3,127508,129,255,8,02,e2,04,32,00,1e,75,1b
2014-08-15T19:01:50.359Z,3,127508,129,255,8,02,e2,04,32,00,1e,75,1b
2014-08-15T19:01:50.459Z,3,127508,129,255,8,02,e2,04,32,00,1e,75,1b
2014-08-15T19:01:50.994Z,3,127508,129,255,8,01,a2,05,ab,08,1e,75,21
2014-08-15T19:01:51.822Z,3,127508,129,255,8,01,a4,05,cc,08,1e,75,22
2014-08-15T19:01:53.109Z,3,127508,129,255,8,01,a7,05,f9,08,1e,75,22
2014-08-15T19:01:53.770Z,3,127508,129,255,8,01,a7,05,e7,08,1e,75,22
2014-08-15T19:01:54.019Z,3,127508,129,255,8,01,a6,05,c2,08,1e,75,22
2014-08-15T19:01:54.201Z,3,127508,129,255,8,01,a8,05,e5,08,1e,75,22
2014-08-15T19:01:54.928Z,3,127508,129,255,8,01,a6,05,b2,08,1e,75,23
2014-08-15T19:01:56.123Z,3,127508,129,255,8,01,a8,05,c2,08,1e,75,23
2014-08-15T19:01:56.525Z,3,127508,129,255,8,01,a8,05,b9,08,1e,75,23
2014-08-15T19:01:57.213Z,3,127508,129,255,8,01,a9,05,ba,08,1e,75,23
2014-08-15T19:01:57.519Z,3,127508,129,255,8,01,ab,05,c5,08,1e,75,23
2014-08-15T19:01:58.530Z,3,127508,129,255,8,01,aa,05,af,08,1e,75,24
2014-08-15T19:01:59.707Z,3,127508,129,255,8,01,ab,05,bf,08,1e,75,24
2014-08-15T19:01:59.725Z,3,127508,129,255,8,01,ae,05,fb,08,1e,75,24
2014-08-15T19:02:00.104Z,3,127508,129,255,8,01,ac,05,c6,08,1e,75,24
2014-08-15T19:02:00.378Z,3,127508,129,255,8,01,ae,05,e4,08,1e,75,24
2014-08-15T19:02:00.997Z,3,127508,129,255,8,01,af,05,e0,08,1e,75,25
2014-08-15T19:02:01.309Z,3,127508,129,255,8,01,ac,05,9c,08,1e,75,25
2014-08-15T19:02:01.626Z,3,127508,129,255,8,01,af,05,cb,08,1e,75,25
2014-08-15T19:02:01.803Z,3,127508,129,255,8,01,b1,05,e2,08,1e,75,25
2014-08-15T19:02:02.198Z,3,127508,129,255,8,01,ae,05,a3,08,1e,75,25
2014-08-15T19:02:02.400Z,3,127508,129,255,8,01,b0,05,b1,08,1e,75,26
2014-08-15T19:02:03.345Z,3,127508,129,255,8,01,b1,05,cc,08,1e,75,26
2014-08-15T19:02:03.833Z,3,127508,129,255,8,01,ac,05,5e,08,1e,75,26
2014-08-15T19:02:03.976Z,3,127508,129,255,8,01,af,05,7e,08,1e,75,26
2014-08-15T19:02:04.330Z,3,127508,129,255,8,01,ac,05,25,08,1e,75,26
2014-08-15T19:02:05.034Z,3,127508,129,255,8,01,ae,05,44,08,1e,75,27
2014-08-15T19:02:05.591Z,3,127508,129,255,8,01,af,05,53,08,1e,75,27
2014-08-15T19:02:06.224Z,3,127508,129,255,8,01,ae,05,2b,08,1e,75,27
2014-08-15T19:02:06.457Z,3,127508,129,255,8,01,ae,05,2a,08,1e,75,27
2014-08-15T19:02:06.679Z,3,127508,129,255,8,01,af,05,23,08,1e,75,27
2014-08-15T19:02:06.762Z,3,127508,129,255,8,01,ae,05,11,08,1e,75,28
2014-08-15T19:02:08.063Z,3,127508,129,255,8,01,ae,05,f2,07,1e,75,28
2014-08-15T19:02:08.634Z,3,127508,129,255,8,01,af,05,15,08,1e,75,28
2014-08-15T19:02:08.663Z,3,127508,129,255,8,01,ac,05,c7,07,1e,75,28
2014-08-15T19:02:08.794Z,3,127508,129,255,8,01,ae,05,cb,07,1e,75,28
2014-08-15T19:02:09.520Z,3,127508,129,255,8,01,b1,05,0f,08,1e,75,29
2014-08-15T19:02:10.794Z,3,127508,129,255,8,01,b0,05,f5,07,1e,75,29
2014-08-15T19:02:10.967Z,3,127508,129,255,8,01,af,05,c9,07,1e,75,29
2014-08-15T19:02:11.378Z,3,127508,129,255,8,01,ae,05,ac,07,1e,75,29
2014-08-15T19:02:11.644Z,3,127508,129,255,8,01,b0,05,ce,07,1e,75,29
2014-08-15T19:02:12.807Z,3,127508,129,255,8,01,af,05,ac,07,1e,75,2a
2014-08-15T19:02:13.102Z,3,127508,129,255,8,01,ac,05,72,07,1e,75,2a
2014-08-15T19:02:13.655Z,3,127508,129,255,8,01,ae,05,83,07,1e,75,2a
2014-08-15T19:02:14.188Z,3,127508,129,255,8,01,b1,05,b1,07,1e,75,2a
2014-08-15T19:02:14.811Z,3,127508,129,255,8,01,ae,05,5c,07,1e,75,2a
2014-08-15T19:02:15.467Z,3,127508,129,255,8,01,ae,05,58,07,1e,75,2b
2014-08-15T19:02:16.522Z,3,127508,129,255,8,01,ae,05,59,07,1e,75,2b
2014-08-15T19:02:17.102Z,3,127508,129,255,8,01,ac,05,33,07,1e,75,2b
2014-08-15T19:02:17.512Z,3,127508,129,255,8,01,b0,05,74,07,1e,75,2b
2014-08-15T19:02:18.014Z,3,127508,129,255,8,01,af,05,50,07,1e,75,2b
2014-08-15T19:02:18.925Z,3,127508,129,255,8,01,b0,05,4f,07,1e,75,2c
2014-08-15T19:02:19.776Z,3,127508,129,255,8,01,ac,05,ff,06,1e,75,2c
2014-08-15T19:02:20.432Z,3,127508,129,255,8,01,ae,05,03,07,1e,75,2c
2014-08-15T19:02:21.036Z,3,127508,129,255,8,01,b0,05,2b,07,1e,75,2c
2014-08-15T19:02:21.704Z,3,127508,129,255,8,01,b0,05,24,07,1e,75,2c
2014-08-15T19:02:22.761Z,3,127508,129,255,8,01,af,05,0f,07,1e,75,2c
2014-08-15T19:02:23.855Z,3,127508,129,255,8,01,ac,05,cf,06,1e,75,2c
2014-08-15T19:02:24.434Z,3,127508,129,255,8,01,ae,05,cc,06,1e,75,2c
2014-08-15T19:02:24.762Z,3,127508,129,255,8,01,af,05,e2,06,1e,75,2c
2014-08-15T19:02:25.373Z,3,127508,129,255,8,01,ac,05,af,06,1e,75,2c
2014-08-15T19:02:26.188Z,3,127508,129,255,8,01,ae,05,c2,06,1e,75,2e
2014-08-15T19:02:27.735Z,3,127508,129,255,8,01,b0,05,e6,06,1e,75,2e
2014-08-15T19:02:27.763Z,3,127508,129,255,8,01,b0,05,c3,06,1e,75,2e
2014-08-15T19:02:28.353Z,3,127508,129,255,8,01,57,05,0c,07,1e,75,2e
2014-08-15T19:02:28.447Z,3,127508,129,255,8,01,59,05,7c,07,1e,75,2e
2014-08-15T19:02:29.386Z,3,127508,129,255,8,01,8e,05,fc,06,1e,75,2f
2014-08-15T19:02:30.235Z,3,127508,129,255,8,01,9b,05,b5,07,1e,75,2f
2014-08-15T19:02:30.503Z,3,127508,129,255,8,01,a1,05,1c,08,1e,75,2f
2014-08-15T19:02:31.008Z,3,127508,129,255,8,01,a5,05,4c,08,1e,75,2f
2014-08-15T19:02:31.085Z,3,127508,129,255,8,01,ac,05,b9,08,1e,75,2f
2014-08-15T19:02:31.680Z,3,127508,129,255,8,01,af,05,c8,08,1e,75,30
2014-08-15T19:02:32.197Z,3,127508,129,255,8,01,b0,05,e1,08,1e,75,30
2014-08-15T19:02:32.568Z,3,127508,129,255,8,01,ac,05,8e,08,1e,75,30
2014-08-15T19:02:32.879Z,3,127508,129,255,8,01,ae,05,9a,08,1e,75,30
2014-08-15T19:02:33.058Z,3,127508,129,255,8,01,aa,05,3f,08,1e,75,30
2014-08-15T19:02:34.023Z,3,127508,129,255,8,01,aa,05,3e,08,1e,75,31
2014-08-15T19:02:34.822Z,3,127508,129,255,8,01,ac,05,58,08,1e,75,31
2014-08-15T19:02:35.464Z,3,127508,129,255,8,01,ae,05,59,08,1e,75,31
2014-08-15T19:02:36.003Z,3,127508,129,255,8,01,af,05,6a,08,1e,75,31
2014-08-15T19:02:36.471Z,3,127508,129,255,8,01,b0,05,65,08,1e,75,31
2014-08-15T19:02:37.203Z,3,127508,129,255,8,01,b0,05,54,08,1e,75,32
2014-08-15T19:02:37.805Z,3,127508,129,255,8,01,b0,05,54,08,1e,75,32
2014-08-15T19:02:38.144Z,3,127508,129,255,8,01,ae,05,10,08,1e,75,32
2014-08-15T19:02:38.325Z,3,127508,129,255,8,01,ae,05,0b,08,1e,75,32
2014-08-15T19:02:39.023Z,3,127508,129,255,8,01,b0,05,1c,08,1e,75,32
2014-08-15T19:02:40.110Z,3,127508,129,255,8,01,ac,05,c1,07,1e,75,33
2014-08-15T19:02:41.904Z,3,127508,129,255,8,01,ac,05,bc,07,1e,75,33
2014-08-15T19:02:42.023Z,3,127508,129,255,8,01,ac,05,c6,07,1e,75,33
2014-08-15T19:02:42.385Z,3,127508,129,255,8,01,b3,05,1f,08,1e,75,33
2014-08-15T19:02:42.605Z,3,127508,129,255,8,01,b1,05,ee,07,1e,75,33
2014-08-15T19:02:43.501Z,3,127508,129,255,8,01,b0,05,cf,07,1e,75,34
2014-08-15T19:02:44.631Z,3,127508,129,255,8,01,ac,05,79,07,1e,75,34
2014-08-15T19:02:44.703Z,3,127508,129,255,8,01,b0,05,ba,07,1e,75,34
2014-08-15T19:02:45.055Z,3,127508,129,255,8,01,ae,05,8a,07,1e,75,34
2014-08-15T19:02:45.668Z,3,127508,129,255,8,01,b0,05,9f,07,1e,75,34
2014-08-15T19:02:46.166Z,3,127508,129,255,8,01,b0,05,99,07,1e,75,35
2014-08-15T19:02:47.264Z,3,127508,129,255,8,01,ae,05,59,07,1e,75,35
2014-08-15T19:02:47.596Z,3,127508,129,255,8,01,b0,05,74,07,1e,75,35
2014-08-15T19:02:47.840Z,3,127508,129,255,8,01,af,05,5c,07,1e,75,35
2014-08-15T19:02:48.520Z,3,127508,129,255,8,01,ac,05,12,07,1e,75,35
2014-08-15T19:02:49.445Z,3,127508,129,255,8,01,b0,05,51,07,1e,75,36
2014-08-15T19:02:50.137Z,3,127508,129,255,8,01,b0,05,49,07,1e,75,36
2014-08-15T19:02:50.544Z,3,127508,129,255,8,01,b0,05,41,07,1e,75,36
2014-08-15T19:02:50.663Z,3,127508,129,255,8,01,b0,05,32,07,1e,75,36
2014-08-15T19:02:50.778Z,3,127508,129,255,8,01,ac,05,e6,06,1e,75,36
2014-08-15T19:02:51.490Z,3,127508,129,255,8,01,ac,05,b8,06,1e,75,37
2014-08-15T19:02:52.912Z,3,127508,129,255,8,01,af,05,f4,06,1e,75,37
2014-08-15T19:02:52.976Z,3,127508,129,255,8,01,ae,05,c7,06,1e,75,37
2014-08-15T19:02:53.392Z,3,127508,129,255,8,01,ae,05,be,06,1e,75,37
2014-08-15T19:02:53.653Z,3,127508,129,255,8,01,b0,05,eb,06,1e,75,37
2014-08-15T19:02:53.873Z,3,127508,129,255,8,01,af,05,bc,06,1e,75,38
2014-08-15T19:02:54.683Z,3,127508,129,255,8,01,af,05,b9,06,1e,75,38
2014-08-15T19:02:54.785Z,3,127508,129,255,8,01,af,05,ac,06,1e,75,38
2014-08-15T19:02:55.436Z,3,127508,129,255,8,01,1c,05,1b,07,1e,75,38
2014-08-15T19:02:56.128Z,3,127508,129,255,8,01,1f,05,8b,07,1e,75,38
2014-08-15T19:02:56.332Z,3,127508,129,255,8,01,21,05,e8,07,1e,75,39
2014-08-15T19:02:57.661Z,3,127508,129,255,8,01,22,05,46,08,1e,75,39
2014-08-15T19:02:58.102Z,3,127508,129,255,8,01,26,05,e6,08,1e,75,39
2014-08-15T19:02:58.570Z,3,127508,129,255,8,01,25,05,f5,08,1e,75,39
2014-08-15T19:02:58.910Z,3,127508,129,255,8,01,24,05,09,09,1e,75,39
2014-08-15T19:02:59.837Z,3,127508,129,255,8,01,22,05,e6,08,1e,75,3a
2014-08-15T19:03:00.997Z,3,127508,129,255,8,01,21,05,ee,08,1e,75,3a
2014-08-15T19:03:01.265Z,3,127508,129,255,8,01,1e,05,c4,08,1e,75,3a
2014-08-15T19:03:01.280Z,3,127508,129,255,8,01,1e,05,e0,08,1e,75,3a
2014-08-15T19:03:01.424Z,3,127508,129,255,8,01,1e,05,13,09,1e,75,3a
2014-08-15T19:03:02.037Z,3,127508,129,255,8,01,1c,05,0e,09,1e,75,3b
2014-08-15T19:03:03.243Z,3,127508,129,255,8,01,1b,05,ff,08,1e,75,3b
2014-08-15T19:03:03.866Z,3,127508,129,255,8,01,1a,05,12,09,1e,75,3b
2014-08-15T19:03:04.034Z,3,127508,129,255,8,01,19,05,09,09,1e,75,3b
2014-08-15T19:03:04.512Z,3,127508,129,255,8,01,14,05,ac,08,1e,75,3b
2014-08-15T19:03:05.277Z,3,127508,129,255,8,01,16,05,0b,09,1e,75,3c
2014-08-15T19:03:07.014Z,3,127508,129,255,8,01,12,05,ac,08,1e,75,3c
2014-08-15T19:03:07.645Z,3,127508,129,255,8,01,12,05,cf,08,1e,75,3c
2014-08-15T19:03:07.861Z,3,127508,129,255,8,01,11,05,ec,08,1e,75,3c
2014-08-15T19:03:08.053Z,3,127508,129,255,8,01,11,05,0a,09,1e,75,3c
2014-08-15T19:03:09.066Z,3,127508,129,255,8,01,0f,05,fb,08,1e,75,3c
2014-08-15T19:03:09.335Z,3,127508,129,255,8,01,0b,05,ab,08,1e,75,3c
2014-08-15T19:03:09.389Z,3,127508,129,255,8,01,0c,05,fb,08,1e,75,3c
2014-08-15T19:03:09.966Z,3,127508,129,255,8,01,0a,05,cb,08,1e,75,3c
2014-08-15T19:03:10.581Z,3,127508,129,255,8,01,08,05,b9,08,1e,75,3c
2014-08-15T19:03:10.988Z,3,127508,129,255,8,01,09,05,09,09,1e,75,3e
2014-08-15T19:03:12.035Z,3,127508,129,255,8,01,07,05,ec,08,1e,75,3e
2014-08-15T19:03:12.237Z,3,127508,129,255,8,01,05,05,c9,08,1e,75,3e
2014-08-15T19:03:12.842Z,3,127508,129,255,8,01,05,05,0a,09,1e,75,3e
2014-08-15T19:03:12.931Z,3,127508,129,255,8,01,03,05,ce,08,1e,75,3e
2014-08-15T19:03:13.832Z,3,127508,129,255,8,01,02,05,00,09,1e,75,3f
2014-08-15T19:03:14.917Z,3,127508,129,255,8,01,ff,04,b9,08,1e,75,3f
2014-08-15T19:03:15.174Z,3,127508,129,255,8,01,fe,04,bf,08,1e,75,3f
2014-08-15T19:03:15.364Z,3,127508,129,255,8,01,fc,04,be,08,1e,75,3f
2014-08-15T19:03:16.059Z,3,127508,129,255,8,01,fb,04,bc,08,1e,75,3f
2014-08-15T19:03:16.764Z,3,127508,129,255,8,01,fa,04,bf,08,1e,75,40
2014-08-15T19:03:17.980Z,3,127508,129,255,8,01,f9,04,c1,08,1e,75,40
2014-08-15T19:03:18.252Z,3,127508,129,255,8,01,f8,04,c3,08,1e,75,40
2014-08-15T19:03:18.710Z,3,127508,129,255,8,01,f9,04,0e,09,1e,75,40
2014-08-15T19:03:19.010Z,3,127508,129,255,8,01,f7,04,fb,08,1e,75,40
2014-08-15T19:03:19.709Z,3,127508,129,255,8,01,f6,04,01,09,1e,75,41
2014-08-15T19:03:20.685Z,3,127508,129,255,8,01,f5,04,09,09,1e,75,41
2014-08-15T19:03:21.357Z,3,127508,129,255,8,01,f3,04,ea,08,1e,75,41
2014-08-15T19:03:21.785Z,3,127508,129,255,8,01,f1,04,cf,08,1e,75,41
2014-08-15T19:03:21.869Z,3,127508,129,255,8,01,f0,04,e8,08,1e,75,41
2014-08-15T19:03:22.289Z,3,127508,129,255,8,01,f1,04,15,09,1e,75,42
2014-08-15T19:03:23.498Z,3,127508,129,255,8,01,ec,04,c2,08,1e,75,42
2014-08-15T19:03:24.137Z,3,127508,129,255,8,01,ea,04,ab,08,1e,75,42
2014-08-15T19:03:24.267Z,3,127508,129,255,8,01,eb,04,c3,08,1e,75,42
2014-08-15T19:03:24.872Z,3,127508,129,255,8,01,e8,04,b1,08,1e,75,42
2014-08-15T19:03:25.751Z,3,127508,129,255,8,01,e9,04,e0,08,1e,75,43
2014-08-15T19:03:27.448Z,3,127508,129,255,8,01,e7,04,c4,08,1e,75,43
2014-08-15T19:03:27.697Z,3,127508,129,255,8,01,e8,04,03,09,1e,75,43
2014-08-15T19:03:28.019Z,3,127508,129,255,8,01,e3,04,ba,08,1e,75,43
2014-08-15T19:03:28.038Z,3,127508,129,255,8,01,e2,04,b6,08,1e,75,43
2014-08-15T19:03:28.730Z,3,127508,129,255,8,01,e3,04,ef,08,1e,75,44
2014-08-15T19:03:29.920Z,3,127508,129,255,8,01,e1,04,c9,08,1e,75,44
2014-08-15T19:03:30.261Z,3,127508,129,255,8,01,e1,04,f0,08,1e,75,44
2014-08-15T19:03:30.642Z,3,127508,129,255,8,01,33,05,b9,08,1e,75,44
2014-08-15T19:03:30.649Z,3,127508,129,255,8,01,3b,05,18,09,1e,75,44
2014-08-15T19:03:31.021Z,3,127508,129,255,8,01,37,05,c6,08,1e,75,45
2014-08-15T19:03:32.791Z,3,127508,129,255,8,01,3b,05,e5,08,1e,75,45
2014-08-15T19:03:33.481Z,3,127508,129,255,8,01,3c,05,cf,08,1e,75,45
2014-08-15T19:03:33.755Z,3,127508,129,255,8,01,3f,05,f9,08,1e,75,45
2014-08-15T19:03:34.105Z,3,127508,129,255,8,01,42,05,18,09,1e,75,45
2014-08-15T19:03:34.291Z,3,127508,129,255,8,01,41,05,f2,08,1e,75,46
2014-08-15T19:03:35.099Z,3,127508,129,255,8,01,44,05,0b,09,1e,75,46
2014-08-15T19:03:35.389Z,3,127508,129,255,8,01,45,05,0c,09,1e,75,46
2014-08-15T19:03:35.449Z,3,127508,129,255,8,01,8c,05,82,07,1e,75,46
2014-08-15T19:03:36.109Z,3,127508,129,255,8,01,92,05,cc,07,1e,75,46
2014-08-15T19:03:36.906Z,3,127508,129,255,8,01,98,05,3e,08,1e,75,47
2014-08-15T19:03:37.752Z,3,127508,129,255,8,01,9e,05,9b,08,1e,75,47
2014-08-15T19:03:38.146Z,3,127508,129,255,8,01,a5,05,00,09,1e,75,47
2014-08-15T19:03:38.649Z,3,127508,129,255,8,01,a1,05,b0,08,1e,75,47
2014-08-15T19:03:38.899Z,3,127508,129,255,8,01,a4,05,cc,08,1e,75,47
2014-08-15T19:03:39.026Z,3,127508,129,255,8,01,a6,05,f0,08,1e,75,48
2014-08-15T19:03:40.185Z,3,127508,129,255,8,01,a8,05,02,09,1e,75,48
2014-08-15T19:03:40.239Z,3,127508,129,255,8,01,a9,05,0c,09,1e,75,48
2014-08-15T19:03:40.838Z,3,127508,129,255,8,01,aa,05,03,09,1e,75,48
2014-08-15T19:03:41.452Z,3,127508,129,255,8,01,a9,05,e4,08,1e,75,48
2014-08-15T19:03:42.375Z,3,127508,129,255,8,01,aa,05,ef,08,1e,75,49
2014-08-15T19:03:43.131Z,3,127508,129,255,8,01,a9,05,c4,08,1e,75,49
2014-08-15T19:03:43.337Z,3,127508,129,255,8,01,a9,05,b1,08,1e,75,49
2014-08-15T19:03:43.820Z,3,127508,129,255,8,01,ac,05,e6,08,1e,75,49
2014-08-15T19:03:44.171Z,3,127508,129,255,8,01,af,05,0c,09,1e,75,49
2014-08-15T19:03:44.797Z,3,127508,129,255,8,01,ac,05,e1,08,1e,75,4a
2014-08-15T19:03:45.423Z,3,127508,129,255,8,01,ac,05,b3,08,1e,75,4a
2014-08-15T19:03:45.849Z,3,127508,129,255,8,01,ac,05,b7,08,1e,75,4a
2014-08-15T19:03:46.495Z,3,127508,129,255,8,01,b0,05,f4,08,1e,75,4a
2014-08-15T19:03:46.967Z,3,127508,129,255,8,01,ac,05,8c,08,1e,75,4a
2014-08-15T19:03:48.244Z,3,127508,129,255,8,01,ae,05,a2,08,1e,75,4b
2014-08-15T19:03:49.529Z,3,127508,129,255,8,01,ac,05,73,08,1e,75,4b
2014-08-15T19:03:49.733Z,3,127508,129,255,8,01,ac,05,7c,08,1e,75,4b
2014-08-15T19:03:50.155Z,3,127508,129,255,8,01,ac,05,6f,08,1e,75,4b
2014-08-15T19:03:50.808Z,3,127508,129,255,8,01,ae,05,6c,08,1e,75,4b
2014-08-15T19:03:51.288Z,3,127508,129,255,8,01,ac,05,56,08,1e,75,4c
2014-08-15T19:03:52.667Z,3,127508,129,255,8,01,ae,05,57,08,1e,75,4c
2014-08-15T19:03:53.161Z,3,127508,129,255,8,01,ae,05,47,08,1e,75,4c
2014-08-15T19:03:53.791Z,3,127508,129,255,8,01,b0,05,60,08,1e,75,4c
2014-08-15T19:03:54.339Z,3,127508,129,255,8,01,af,05,45,08,1e,75,4c
2014-08-15T19:03:54.806Z,3,127508,129,255,8,01,ae,05,1c,08,1e,75,4c
2014-08-15T19:03:55.507Z,3,127508,129,255,8,01,ac,05,02,08,1e,75,4c
2014-08-15T19:03:56.103Z,3,127508,129,255,8,01,ae,05,08,08,1e,75,4c
2014-08-15T19:03:56.203Z,3,127508,129,255,8,01,b0,05,20,08,1e,75,4c
2014-08-15T19:03:56.510Z,3,127508,129,255,8,01,ac,05,c1,07,1e,75,4c
2014-08-15T19:03:57.031Z,3,127508,129,255,8,01,af,05,f3,07,1e,75,4c
2014-08-15T19:03:58.187Z,3,127508,129,255,8,01,ac,05,ac,07,1e,75,4e
2014-08-15T19:03:58.823Z,3,127508,129,255,8,01,ae,05,cb,07,1e,75,4e
2014-08-15T19:03:59.492Z,3,127508,129,255,8,01,b0,05,e0,07,1e,75,4e
2014-08-15T19:04:00.003Z,3,127508,129,255,8,01,b0,05,c6,07,1e,75,4e
2014-08-15T19:04:01.143Z,3,127508,129,255,8,01,ac,05,66,07,1e,75,4f
2014-08-15T19:04:02.029Z,3,127508,129,255,8,01,af,05,a5,07,1e,75,4f
2014-08-15T19:04:02.486Z,3,127508,129,255,8,01,ac,05,70,07,1e,75,4f
2014-08-15T19:04:03.031Z,3,127508,129,255,8,01,af,05,9a,07,1e,75,4f
2014-08-15T19:04:03.679Z,3,127508,129,255,8,01,af,05,8b,07,1e,75,4f
2014-08-15T19:04:04.934Z,3,127508,129,255,8,01,b0,05,84,07,1e,75,50
2014-08-15T19:04:06.107Z,3,127508,129,255,8,01,ae,05,47,07,1e,75,50
2014-08-15T19:04:06.510Z,3,127508,129,255,8,01,ae,05,3b,07,1e,75,50
2014-08-15T19:04:06.541Z,3,127508,129,255,8,01,b0,05,65,07,1e,75,50
2014-08-15T19:04:06.849Z,3,127508,129,255,8,01,ae,05,21,07,1e,75,50
2014-08-15T19:04:07.807Z,3,127508,129,255,8,01,ae,05,2c,07,1e,75,51
2014-08-15T19:04:09.279Z,3,127508,129,255,8,01,b1,05,5a,07,1e,75,51
2014-08-15T19:04:09.917Z,3,127508,129,255,8,01,ac,05,f6,06,1e,75,51
2014-08-15T19:04:10.461Z,3,127508,129,255,8,01,ae,05,04,07,1e,75,51
2014-08-15T19:04:11.148Z,3,127508,129,255,8,01,ae,05,f0,06,1e,75,51
2014-08-15T19:04:11.999Z,3,127508,129,255,8,01,b0,05,1c,07,1e,75,52
2014-08-15T19:04:13.681Z,3,127508,129,255,8,01,af,05,f8,06,1e,75,52
2014-08-15T19:04:14.209Z,3,127508,129,255,8,01,b1,05,14,07,1e,75,52
2014-08-15T19:04:14.243Z,3,127508,129,255,8,01,b2,05,1f,07,1e,75,52
2014-08-15T19:04:14.278Z,3,127508,129,255,8,01,ac,05,a3,06,1e,75,52
2014-08-15T19:04:15.184Z,3,127508,129,255,8,01,b0,05,e3,06,1e,75,53
2014-08-15T19:04:16.054Z,3,127508,129,255,8,01,b1,05,e5,06,1e,75,53
2014-08-15T19:04:16.443Z,3,127508,129,255,8,01,b0,05,c0,06,1e,75,53
2014-08-15T19:04:17.022Z,3,127508,129,255,8,01,ae,05,8e,06,1e,75,53
2014-08-15T19:04:17.220Z,3,127508,129,255,8,01,ac,05,6c,06,1e,75,53
2014-08-15T19:04:17.867Z,3,127508,129,255,8,01,ac,05,54,06,1e,75,54
2014-08-15T19:04:18.997Z,3,127508,129,255,8,01,b0,05,97,06,1e,75,54
2014-08-15T19:04:19.115Z,3,127508,129,255,8,01,af,05,87,06,1e,75,54
2014-08-15T19:04:19.624Z,3,127508,129,255,8,01,b0,05,87,06,1e,75,54
2014-08-15T19:04:20.162Z,3,127508,129,255,8,01,b0,05,83,06,1e,75,54
2014-08-15T19:04:20.898Z,3,127508,129,255,8,01,ae,05,4e,06,1e,75,55
2014-08-15T19:04:21.579Z,3,127508,129,255,8,01,af,05,63,06,1e,75,55
2014-08-15T19:04:22.225Z,3,127508,129,255,8,01,b1,05,7b,06,1e,75,55
2014-08-15T19:04:22.565Z,3,127508,129,255,8,01,ae,05,35,06,1e,75,55
2014-08-15T19:04:23.130Z,3,127508,129,255,8,01,af,05,3b,06,1e,75,55
2014-08-15T19:04:23.735Z,3,127508,129,255,8,01,ac,05,01,06,1e,75,56
2014-08-15T19:04:24.386Z,3,127508,129,255,8,01,ac,05,f3,05,1e,75,56
2014-08-15T19:04:24.424Z,3,127508,129,255,8,01,af,05,16,06,1e,75,56
2014-08-15T19:04:24.525Z,3,127508,129,255,8,01,b1,05,4c,06,1e,75,56
2014-08-15T19:04:24.706Z,3,127508,129,255,8,01,ac,05,ca,05,1e,75,56
2014-08-15T19:04:25.170Z,3,127508,129,255,8,01,af,05,fc,05,1e,75,57
2014-08-15T19:04:26.279Z,3,127508,129,255,8,01,b0,05,06,06,1e,75,57
2014-08-15T19:04:26.459Z,3,127508,129,255,8,01,ae,05,ce,05,1e,75,57
2014-08-15T19:04:27.023Z,3,127508,129,255,8,01,b1,05,19,06,1e,75,57
2014-08-15T19:04:27.487Z,3,127508,129,255,8,01,af,05,c8,05,1e,75,57
2014-08-15T19:04:28.234Z,3,127508,129,255,8,01,ac,05,8e,05,1e,75,58
2014-08-15T19:04:29.415Z,3,127508,129,255,8,01,ae,05,ba,05,1e,75,58
2014-08-15T19:04:29.705Z,3,127508,129,255,8,01,ac,05,90,05,1e,75,58
2014-08-15T19:04:29.869Z,3,127508,129,255,8,01,b0,05,e2,05,1e,75,58
2014-08-15T19:04:30.123Z,3,127508,129,255,8,01,ae,05,9b,05,1e,75,58
2014-08-15T19:04:30.286Z,3,127508,129,255,8,01,af,05,9e,05,1e,75,59
2014-08-15T19:04:31.590Z,3,127508,129,255,8,01,b1,05,c3,05,1e,75,59
2014-08-15T19:04:32.262Z,3,127508,129,255,8,01,ac,05,61,05,1e,75,59
2014-08-15T19:04:32.590Z,3,127508,129,255,8,01,ac,05,56,05,1e,75,59
2014-08-15T19:04:32.992Z,3,127508,129,255,8,01,af,05,8a,05,1e,75,59
2014-08-15T19:04:33.707Z,3,127508,129,255,8,01,ac,05,48,05,1e,75,5a
2014-08-15T19:04:34.751Z,3,127508,129,255,8,01,b0,05,8c,05,1e,75,5a
2014-08-15T19:04:35.371Z,3,127508,129,255,8,01,ae,05,51,05,1e,75,5a
2014-08-15T19:04:35.868Z,3,127508,129,255,8,01,b0,05,81,05,1e,75,5a
2014-08-15T19:04:36.349Z,3,127508,129,255,8,01,ac,05,24,05,1e,75,5a
2014-08-15T19:04:37.547Z,3,127508,129,255,8,01,ae,05,3b,05,1e,75,5b
2014-08-15T19:04:38.959Z,3,127508,129,255,8,01,ac,05,1b,05,1e,75,5b
2014-08-15T19:04:39.017Z,3,127508,129,255,8,01,ae,05,37,05,1e,75,5b
2014-08-15T19:04:39.703Z,3,127508,129,255,8,01,ac,05,10,05,1e,75,5b
2014-08-15T19:04:40.322Z,3,127508,129,255,8,01,af,05,39,05,1e,75,5b
2014-08-15T19:04:41.146Z,3,127508,129,255,8,01,ac,05,02,05,1e,75,5c
2014-08-15T19:04:41.823Z,3,127508,129,255,8,01,b0,05,3e,05,1e,75,5c
2014-08-15T19:04:42.303Z,3,127508,129,255,8,01,ac,05,eb,04,1e,75,5c
2014-08-15T19:04:42.906Z,3,127508,129,255,8,01,b0,05,38,05,1e,75,5c
2014-08-15T19:04:43.005Z,3,127508,129,255,8,01,ae,05,e8,04,1e,75,5c
2014-08-15T19:04:43.993Z,3,127508,129,255,8,01,ae,05,eb,04,1e,75,5c
2014-08-15T19:04:45.234Z,3,127508,129,255,8,01,ac,05,c0,04,1e,75,5c
2014-08-15T19:04:45.412Z,3,127508,129,255,8,01,ae,05,e4,04,1e,75,5c
2014-08-15T19:04:46.027Z,3,127508,129,255,8,01,ae,05,cc,04,1e,75,5c
2014-08-15T19:04:46.433Z,3,127508,129,255,8,01,ae,05,c7,04,1e,75,5c
2014-08-15T19:04:47.050Z,3,127508,129,255,8,01,af,05,ec,04,1e,75,5e
2014-08-15T19:04:48.395Z,3,127508,129,255,8,01,af,05,e3,04,1e,75,5e
2014-08-15T19:04:48.562Z,3,127508,129,255,8,01,b0,05,f5,04,1e,75,5e
2014-08-15T19:04:48.630Z,3,127508,129,255,8,01,af,05,c5,04,1e,75,5e
2014-08-15T19:04:48.696Z,3,127508,129,255,8,01,ac,05,9a,04,1e,75,5e
2014-08-15T19:04:49.467Z,3,127508,129,255,8,01,b0,05,cc,04,1e,75,5f
2014-08-15T19:04:50.666Z,3,127508,129,255,8,01,ae,05,af,04,1e,75,5f
2014-08-15T19:04:51.363Z,3,127508,129,255,8,01,ae,05,95,04,1e,75,5f
2014-08-15T19:04:51.753Z,3,127508,129,255,8,01,b0,05,c2,04,1e,75,5f
2014-08-15T19:04:52.052Z,3,127508,129,255,8,01,af,05,b0,04,1e,75,5f
2014-08-15T19:04:52.674Z,3,127508,129,255,8,01,ac,05,77,04,1e,75,60
2014-08-15T19:04:53.849Z,3,127508,129,255,8,01,b0,05,c3,04,1e,75,60
2014-08-15T19:04:54.133Z,3,127508,129,255,8,01,ac,05,6a,04,1e,75,60
2014-08-15T19:04:54.680Z,3,127508,129,255,8,01,af,05,96,04,1e,75,60
2014-08-15T19:04:55.150Z,3,127508,129,255,8,01,b0,05,b1,04,1e,75,60
2014-08-15T19:04:55.589Z,3,127508,129,255,8,01,b0,05,b3,04,1e,75,61
2014-08-15T19:04:56.712Z,3,127508,129,255,8,01,b1,05,c6,04,1e,75,61
2014-08-15T19:04:57.028Z,3,127508,129,255,8,01,af,05,83,04,1e,75,61
2014-08-15T19:04:57.281Z,3,127508,129,255,8,01,b0,05,a4,04,1e,75,61
2014-08-15T19:04:57.967Z,3,127508,129,255,8,01,af,05,79,04,1e,75,61
2014-08-15T19:04:58.254Z,3,127508,129,255,8,01,ac,05,2a,04,1e,75,62
2014-08-15T19:04:59.276Z,3,127508,129,255,8,01,ac,05,20,04,1e,75,62
2014-08-15T19:04:59.773Z,3,127508,129,255,8,01,af,05,5c,04,1e,75,62
2014-08-15T19:04:59.824Z,3,127508,129,255,8,01,ae,05,4b,04,1e,75,62
2014-08-15T19:04:59.936Z,3,127508,129,255,8,01,ae,05,39,04,1e,75,62
2014-08-15T19:05:00.491Z,3,127508,129,255,8,01,af,05,4f,04,1e,75,63
2014-08-15T19:05:01.846Z,3,127508,129,255,8,01,b0,05,75,04,1e,75,63
2014-08-15T19:05:02.412Z,3,127508,129,255,8,01,ae,05,2b,04,1e,75,63
2014-08-15T19:05:02.733Z,3,127508,129,255,8,01,ae,05,2e,04,1e,75,63
2014-08-15T19:05:02.784Z,3,127508,129,255,8,01,ae,05,0c,04,1e,75,63
2014-08-15T19:05:03.791Z,3,127508,129,255,8,01,ae,05,20,04,1e,75,64
2014-08-15T19:05:04.908Z,3,127508,129,255,8,01,b0,05,5c,04,1e,75,64
2014-08-15T19:05:04.940Z,3,127508,129,255,8,01,af,05,1c,04,1e,75,64
2014-08-15T19:05:05.407Z,3,127508,129,255,8,01,af,05,34,04,1e,75,64
2014-08-15T19:05:06.026Z,3,127508,129,255,8,01,ae,05,0a,04,1e,75,64
2014-08-15T19:05:06.803Z,3,127508,129,255,8,01,ae,05,07,04,1e,75,65
2014-08-15T19:05:07.869Z,3,127508,129,255,8,01,b0,05,33,04,1e,75,65
2014-08-15T19:05:07.884Z,3,127508,129,255,8,01,ac,05,cc,03,1e,75,65
2014-08-15T19:05:08.277Z,3,127508,129,255,8,01,ae,05,eb,03,1e,75,65
2014-08-15T19:05:08.354Z,3,127508,129,255,8,01,af,05,fa,03,1e,75,65
2014-08-15T19:05:08.594Z,3,127508,129,255,8,01,ac,05,ba,03,1e,75,66
2014-08-15T19:05:10.361Z,3,127508,129,255,8,01,af,05,02,04,1e,75,66
2014-08-15T19:05:10.766Z,3,127508,129,255,8,01,ae,05,cc,03,1e,75,66
2014-08-15T19:05:11.379Z,3,127508,129,255,8,01,b0,05,06,04,1e,75,66
2014-08-15T19:05:11.953Z,3,127508,129,255,8,01,b1,05,27,04,1e,75,66
2014-08-15T19:05:12.330Z,3,127508,129,255,8,01,af,05,e2,03,1e,75,67
2014-08-15T19:05:12.824Z,3,127508,129,255,8,01,ae,05,c0,03,1e,75,67
2014-08-15T19:05:13.455Z,3,127508,129,255,8,01,ae,05,cb,03,1e,75,67
2014-08-15T19:05:13.660Z,3,127508,129,255,8,01,b0,05,f7,03,1e,75,67
2014-08-15T19:05:14.290Z,3,127508,129,255,8,01,ae,05,be,03,1e,75,67
2014-08-15T19:05:14.817Z,3,127508,129,255,8,01,b0,05,04,04,1e,75,68
2014-08-15T19:05:15.930Z,3,127508,129,255,8,01,ac,05,7c,03,1e,75,68
2014-08-15T19:05:16.008Z,3,127508,129,255,8,01,b0,05,e5,03,1e,75,68
2014-08-15T19:05:16.347Z,3,127508,129,255,8,01,af,05,be,03,1e,75,68
2014-08-15T19:05:16.969Z,3,127508,129,255,8,01,ac,05,83,03,1e,75,68
2014-08-15T19:05:18.083Z,3,127508,129,255,8,01,b0,05,c1,03,1e,75,69
2014-08-15T19:05:18.840Z,3,127508,129,255,8,01,b0,05,c2,03,1e,75,69
2014-08-15T19:05:18.904Z,3,127508,129,255,8,01,b1,05,f2,03,1e,75,69
2014-08-15T19:05:19.450Z,3,127508,129,255,8,01,b0,05,c4,03,1e,75,69
2014-08-15T19:05:19.591Z,3,127508,129,255,8,01,af,05,b8,03,1e,75,69
2014-08-15T19:05:20.154Z,3,127508,129,255,8,01,b0,05,c0,03,1e,75,6a
2014-08-15T19:05:21.365Z,3,127508,129,255,8,01,af,05,9c,03,1e,75,6a
2014-08-15T19:05:21.614Z,3,127508,129,255,8,01,ac,05,63,03,1e,75,6a
2014-08-15T19:05:22.137Z,3,127508,129,255,8,01,ac,05,5f,03,1e,75,6a
2014-08-15T19:05:22.745Z,3,127508,129,255,8,01,b0,05,af,03,1e,75,6a
2014-08-15T19:05:23.599Z,3,127508,129,255,8,01,b1,05,c8,03,1e,75,6b
2014-08-15T19:05:24.791Z,3,127508,129,255,8,01,b0,05,bc,03,1e,75,6b
2014-08-15T19:05:24.862Z,3,127508,129,255,8,01,af,05,8f,03,1e,75,6b
2014-08-15T19:05:25.135Z,3,127508,129,255,8,01,af,05,89,03,1e,75,6b
2014-08-15T19:05:25.475Z,3,127508,129,255,8,01,ac,05,4c,03,1e,75,6b
2014-08-15T19:05:25.670Z,3,127508,129,255,8,01,b1,05,b5,03,1e,75,6c
2014-08-15T19:05:26.059Z,3,127508,129,255,8,01,ae,05,57,03,1e,75,6c
2014-08-15T19:05:26.680Z,3,127508,129,255,8,01,ae,05,67,03,1e,75,6c
2014-08-15T19:05:27.014Z,3,127508,129,255,8,01,ae,05,52,03,1e,75,6c
2014-08-15T19:05:27.283Z,3,127508,129,255,8,01,ae,05,57,03,1e,75,6c
2014-08-15T19:05:27.853Z,3,127508,129,255,8,01,b0,05,85,03,1e,75,6c
2014-08-15T19:05:28.455Z,3,127508,129,255,8,01,af,05,65,03,1e,75,6c
2014-08-15T19:05:28.682Z,3,127508,129,255,8,01,ae,05,44,03,1e,75,6c
2014-08-15T19:05:29.059Z,3,127508,129,255,8,01,ac,05,32,03,1e,75,6c
2014-08-15T19:05:29.532Z,3,127508,129,255,8,01,af,05,5f,03,1e,75,6c
2014-08-15T19:05:30.776Z,3,127508,129,255,8,01,af,05,58,03,1e,75,6e
2014-08-15T19:05:31.688Z,3,127508,129,255,8,01,b0,05,6a,03,1e,75,6e
2014-08-15T19:05:31.732Z,3,127508,129,255,8,01,b0,05,7f,03,1e,75,6e
2014-08-15T19:05:32.356Z,3,127508,129,255,8,01,ae,05,25,03,1e,75,6e
2014-08-15T19:05:32.576Z,3,127508,129,255,8,01,ae,05,3e,03,1e,75,6e
2014-08-15T19:05:33.154Z,3,127508,129,255,8,01,ae,05,2b,03,1e,75,6f
2014-08-15T19:05:34.063Z,3,127508,129,255,8,01,af,05,41,03,1e,75,6f
2014-08-15T19:05:34.553Z,3,127508,129,255,8,01,ac,05,0c,03,1e,75,6f
2014-08-15T19:05:34.946Z,3,127508,129,255,8,01,af,05,39,03,1e,75,6f
2014-08-15T19:05:35.581Z,3,127508,129,255,8,01,b0,05,6c,03,1e,75,6f
2014-08-15T19:05:36.804Z,3,127508,129,255,8,01,b0,05,50,03,1e,75,70
2014-08-15T19:05:38.047Z,3,127508,129,255,8,01,af,05,34,03,1e,75,70
2014-08-15T19:05:38.694Z,3,127508,129,255,8,01,af,05,2a,03,1e,75,70
2014-08-15T19:05:39.187Z,3,127508,129,255,8,01,ac,05,f2,02,1e,75,70
2014-08-15T19:05:39.349Z,3,127508,129,255,8,01,b0,05,44,03,1e,75,70
2014-08-15T19:05:40.151Z,3,127508,129,255,8,01,ac,05,f9,02,1e,75,71
2014-08-15T19:05:40.794Z,3,127508,129,255,8,01,af,05,2a,03,1e,75,71
2014-08-15T19:05:41.448Z,3,127508,129,255,8,01,ae,05,f7,02,1e,75,71
2014-08-15T19:05:42.013Z,3,127508,129,255,8,01,ac,05,ca,02,1e,75,71
2014-08-15T19:05:42.399Z,3,127508,129,255,8,01,af,05,2b,03,1e,75,71
2014-08-15T19:05:43.433Z,3,127508,129,255,8,01,af,05,1c,03,1e,75,72
2014-08-15T19:05:44.060Z,3,127508,129,255,8,01,af,05,0a,03,1e,75,72
2014-08-15T19:05:44.511Z,3,127508,129,255,8,01,ae,05,ec,02,1e,75,72
2014-08-15T19:05:44.832Z,3,127508,129,255,8,01,ae,05,fa,02,1e,75,72
2014-08-15T19:05:44.865Z,3,127508,129,255,8,01,b1,05,51,03,1e,75,72
2014-08-15T19:05:45.647Z,3,127508,129,255,8,01,ac,05,c6,02,1e,75,73
2014-08-15T19:05:46.416Z,3,127508,129,255,8,01,af,05,fb,02,1e,75,73
2014-08-15T19:05:46.819Z,3,127508,129,255,8,01,af,05,0e,03,1e,75,73
2014-08-15T19:05:47.195Z,3,127508,129,255,8,01,b0,05,13,03,1e,75,73
2014-08-15T19:05:47.332Z,3,127508,129,255,8,01,ae,05,ce,02,1e,75,73
2014-08-15T19:05:48.318Z,3,127508,129,255,8,01,af,05,03,03,1e,75,74
2014-08-15T19:05:49.671Z,3,127508,129,255,8,01,b0,05,0a,03,1e,75,74
2014-08-15T19:05:50.010Z,3,127508,129,255,8,01,b0,05,0c,03,1e,75,74
2014-08-15T19:05:50.288Z,3,127508,129,255,8,01,ac,05,b9,02,1e,75,74
2014-08-15T19:05:50.627Z,3,127508,129,255,8,01,ac,05,88,02,1e,75,74
2014-08-15T19:05:51.161Z,3,127508,129,255,8,01,af,05,fc,02,1e,75,75
2014-08-15T19:05:52.833Z,3,127508,129,255,8,01,ac,05,b7,02,1e,75,75
2014-08-15T19:05:53.190Z,3,127508,129,255,8,01,b1,05,21,03,1e,75,75
2014-08-15T19:05:53.841Z,3,127508,129,255,8,01,b0,05,fc,02,1e,75,75
2014-08-15T19:05:54.284Z,3,127508,129,255,8,01,ac,05,aa,02,1e,75,75
2014-08-15T19:05:55.160Z,3,127508,129,255,8,01,ae,05,b9,02,1e,75,76
2014-08-15T19:05:55.998Z,3,127508,129,255,8,01,b0,05,0c,03,1e,75,76
2014-08-15T19:05:56.441Z,3,127508,129,255,8,01,af,05,c4,02,1e,75,76
2014-08-15T19:05:56.658Z,3,127508,129,255,8,01,af,05,cc,02,1e,75,76
2014-08-15T19:05:56.725Z,3,127508,129,255,8,01,af,05,cf,02,1e,75,76
2014-08-15T19:05:57.245Z,3,127508,129,255,8,01,b0,05,e8,02,1e,75,77
2014-08-15T19:05:57.965Z,3,127508,129,255,8,01,b1,05,07,03,1e,75,77
2014-08-15T19:05:58.201Z,3,127508,129,255,8,01,af,05,c9,02,1e,75,77
2014-08-15T19:05:58.671Z,3,127508,129,255,8,01,af,05,c4,02,1e,75,77
2014-08-15T19:05:59.312Z,3,127508,129,255,8,01,af,05,c0,02,1e,75,77
2014-08-15T19:05:59.508Z,3,127508,129,255,8,01,ae,05,97,02,1e,75,78
2014-08-15T19:06:00.729Z,3,127508,129,255,8,01,af,05,c2,02,1e,75,78
2014-08-15T19:06:00.765Z,3,127508,129,255,8,01,af,05,c5,02,1e,75,78
2014-08-15T19:06:01.394Z,3,127508,129,255,8,01,b0,05,e7,02,1e,75,78
2014-08-15T19:06:01.573Z,3,127508,129,255,8,01,af,05,ab,02,1e,75,78
2014-08-15T19:06:02.096Z,3,127508,129,255,8,01,ae,05,8b,02,1e,75,79
2014-08-15T19:06:02.774Z,3,127508,129,255,8,01,b0,05,e1,02,1e,75,79
2014-08-15T19:06:03.451Z,3,127508,129,255,8,01,af,05,ac,02,1e,75,79
2014-08-15T19:06:04.065Z,3,127508,129,255,8,01,af,05,bb,02,1e,75,79
2014-08-15T19:06:04.742Z,3,127508,129,255,8,01,b0,05,c0,02,1e,75,79
2014-08-15T19:06:05.561Z,3,127508,129,255,8,01,ae,05,80,02,1e,75,7a
2014-08-15T19:06:06.367Z,3,127508,129,255,8,01,af,05,ac,02,1e,75,7a
2014-08-15T19:06:06.571Z,3,127508,129,255,8,01,b0,05,b9,02,1e,75,7a
2014-08-15T19:06:06.996Z,3,127508,129,255,8,01,af,05,a8,02,1e,75,7a
2014-08-15T19:06:07.619Z,3,127508,129,255,8,01,b0,05,be,02,1e,75,7a
2014-08-15T19:06:08.086Z,3,127508,129,255,8,01,b0,05,ba,02,1e,75,7b
2014-08-15T19:06:09.080Z,3,127508,129,255,8,01,ac,05,4c,02,1e,75,7b
2014-08-15T19:06:09.587Z,3,127508,129,255,8,01,b0,05,bf,02,1e,75,7b
2014-08-15T19:06:09.882Z,3,127508,129,255,8,01,ac,05,62,02,1e,75,7b
2014-08-15T19:06:10.516Z,3,127508,129,255,8,01,ae,05,73,02,1e,75,7b
2014-08-15T19:06:11.613Z,3,127508,129,255,8,01,af,05,a2,02,1e,75,7c
2014-08-15T19:06:12.520Z,3,127508,129,255,8,01,b0,05,a4,02,1e,75,7c
2014-08-15T19:06:13.071Z,3,127508,129,255,8,01,ae,05,7f,02,1e,75,7c
2014-08-15T19:06:13.759Z,3,127508,129,255,8,01,b1,05,c0,02,1e,75,7c
2014-08-15T19:06:14.073Z,3,127508,129,255,8,01,ac,05,3f,02,1e,75,7c
2014-08-15T19:06:14.480Z,3,127508,129,255,8,01,ae,05,70,02,1e,75,7c
2014-08-15T19:06:16.272Z,3,127508,129,255,8,01,ae,05,57,02,1e,75,7c
2014-08-15T19:06:16.716Z,3,127508,129,255,8,01,af,05,87,02,1e,75,7c
2014-08-15T19:06:17.274Z,3,127508,129,255,8,01,ae,05,62,02,1e,75,7c
2014-08-15T19:06:17.784Z,3,127508,129,255,8,01,ae,05,5b,02,1e,75,7c
2014-08-15T19:06:18.043Z,3,127508,129,255,8,01,b1,05,b0,02,1e,75,7e
2014-08-15T19:06:18.444Z,3,127508,129,255,8,01,ae,05,56,02,1e,75,7e
2014-08-15T19:06:19.124Z,3,127508,129,255,8,01,ac,05,39,02,1e,75,7e
2014-08-15T19:06:19.711Z,3,127508,129,255,8,01,b0,05,a3,02,1e,75,7e
2014-08-15T19:06:19.782Z,3,127508,129,255,8,01,ae,05,51,02,1e,75,7e
2014-08-15T19:06:19.955Z,3,127508,129,255,8,01,b0,05,83,02,1e,75,7f
2014-08-15T19:06:21.207Z,3,127508,129,255,8,01,ac,05,1e,02,1e,75,7f
2014-08-15T19:06:21.697Z,3,127508,129,255,8,01,af,05,71,02,1e,75,7f
2014-08-15T19:06:22.116Z,3,127508,129,255,8,01,b0,05,7c,02,1e,75,7f
2014-08-15T19:06:22.253Z,3,127508,129,255,8,01,ae,05,45,02,1e,75,7f
2014-08-15T19:06:22.776Z,3,127508,129,255,8,01,b0,05,91,02,1e,75,80
2014-08-15T19:06:24.329Z,3,127508,129,255,8,01,ae,05,47,02,1e,75,80
2014-08-15T19:06:24.958Z,3,127508,129,255,8,01,b0,05,91,02,1e,75,80
2014-08-15T19:06:25.025Z,3,127508,129,255,8,01,b1,05,9b,02,1e,75,80
2014-08-15T19:06:25.420Z,3,127508,129,255,8,01,b0,05,88,02,1e,75,80
2014-08-15T19:06:26.228Z,3,127508,129,255,8,01,ac,05,1c,02,1e,75,81
2014-08-15T19:06:27.851Z,3,127508,129,255,8,01,ac,05,23,02,1e,75,81
2014-08-15T19:06:28.332Z,3,127508,129,255,8,01,af,05,51,02,1e,75,81
2014-08-15T19:06:28.770Z,3,127508,129,255,8,01,ae,05,3c,02,1e,75,81
2014-08-15T19:06:29.320Z,3,127508,129,255,8,01,af,05,5c,02,1e,75,81
2014-08-15T19:06:29.975Z,3,127508,129,255,8,01,af,05,47,02,1e,75,82
2014-08-15T19:06:30.377Z,3,127508,129,255,8,01,af,05,48,02,1e,75,82
2014-08-15T19:06:30.957Z,3,127508,129,255,8,01,ae,05,3c,02,1e,75,82
2014-08-15T19:06:31.292Z,3,127508,129,255,8,01,ae,05,2c,02,1e,75,82
2014-08-15T19:06:31.498Z,3,127508,129,255,8,01,ae,05,2c,02,1e,75,82
2014-08-15T19:06:32.784Z,3,127508,129,255,8,01,b0,05,5b,02,1e,75,83
2014-08-15T19:06:33.276Z,3,127508,129,255,8,01,b0,05,6b,02,1e,75,83
2014-08-15T19:06:33.562Z,3,127508,129,255,8,01,ac,05,f9,01,1e,75,83
2014-08-15T19:06:34.106Z,3,127508,129,255,8,01,ae,05,13,02,1e,75,83
2014-08-15T19:06:34.493Z,3,127508,129,255,8,01,ac,05,f7,01,1e,75,83
2014-08-15T19:06:35.584Z,3,127508,129,255,8,01,af,05,47,02,1e,75,84
2014-08-15T19:06:36.907Z,3,127508,129,255,8,01,ae,05,23,02,1e,75,84
2014-08-15T19:06:37.065Z,3,127508,129,255,8,01,b0,05,68,02,1e,75,84
2014-08-15T19:06:37.599Z,3,127508,129,255,8,01,af,05,34,02,1e,75,84
2014-08-15T19:06:37.791Z,3,127508,129,255,8,01,ae,05,1f,02,1e,75,84
2014-08-15T19:06:38.585Z,3,127508,129,255,8,01,b0,05,4f,02,1e,75,85
2014-08-15T19:06:39.221Z,3,127508,129,255,8,01,af,05,25,02,1e,75,85
2014-08-15T19:06:39.808Z,3,127508,129,255,8,01,af,05,3b,02,1e,75,85
2014-08-15T19:06:40.121Z,3,127508,129,255,8,01,af,05,35,02,1e,75,85
2014-08-15T19:06:40.144Z,3,127508,129,255,8,01,ae,05,16,02,1e,75,85
2014-08-15T19:06:40.735Z,3,127508,129,255,8,01,ae,05,01,02,1e,75,86
2014-08-15T19:06:41.559Z,3,127508,129,255,8,01,af,05,38,02,1e,75,86
2014-08-15T19:06:41.684Z,3,127508,129,255,8,01,af,05,2b,02,1e,75,86
2014-08-15T19:06:42.012Z,3,127508,129,255,8,01,af,05,2e,02,1e,75,86
2014-08-15T19:06:42.562Z,3,127508,129,255,8,01,b0,05,50,02,1e,75,86
2014-08-15T19:06:43.040Z,3,127508,129,255,8,01,ae,05,0e,02,1e,75,87
2014-08-15T19:06:43.827Z,3,127508,129,255,8,01,af,05,14,02,1e,75,87
2014-08-15T19:06:44.075Z,3,127508,129,255,8,01,ae,05,04,02,1e,75,87
2014-08-15T19:06:44.341Z,3,127508,129,255,8,01,b0,05,39,02,1e,75,87
2014-08-15T19:06:44.442Z,3,127508,129,255,8,01,ac,05,c3,01,1e,75,87
2014-08-15T19:06:45.183Z,3,127508,129,255,8,01,ae,05,07,02,1e,75,88
2014-08-15T19:06:45.946Z,3,127508,129,255,8,01,ac,05,ca,01,1e,75,88
2014-08-15T19:06:46.060Z,3,127508,129,255,8,01,af,05,23,02,1e,75,88
2014-08-15T19:06:46.256Z,3,127508,129,255,8,01,ac,05,ca,01,1e,75,88
2014-08-15T19:06:46.602Z,3,127508,129,255,8,01,af,05,08,02,1e,75,88
2014-08-15T19:06:47.582Z,3,127508,129,255,8,01,b0,05,33,02,1e,75,89
2014-08-15T19:06:48.477Z,3,127508,129,255,8,01,ac,05,cc,01,1e,75,89
2014-08-15T19:06:48.758Z,3,127508,129,255,8,01,b0,05,25,02,1e,75,89
2014-08-15T19:06:49.361Z,3,127508,129,255,8,01,b0,05,34,02,1e,75,89
2014-08-15T19:06:49.441Z,3,127508,129,255,8,01,ae,05,ea,01,1e,75,89
2014-08-15T19:06:49.661Z,3,127508,129,255,8,01,ae,05,ec,01,1e,75,8a
2014-08-15T19:06:50.757Z,3,127508,129,255,8,01,b0,05,26,02,1e,75,8a
2014-08-15T19:06:50.982Z,3,127508,129,255,8,01,ac,05,c3,01,1e,75,8a
2014-08-15T19:06:51.099Z,3,127508,129,255,8,01,ac,05,ce,01,1e,75,8a
2014-08-15T19:06:51.629Z,3,127508,129,255,8,01,af,05,fa,01,1e,75,8a
2014-08-15T19:06:52.528Z,3,127508,129,255,8,01,ac,05,aa,01,1e,75,8b
2014-08-15T19:06:53.549Z,3,127508,129,255,8,01,ae,05,cf,01,1e,75,8b
2014-08-15T19:06:54.011Z,3,127508,129,255,8,01,ac,05,c1,01,1e,75,8b
2014-08-15T19:06:54.344Z,3,127508,129,255,8,01,ae,05,e9,01,1e,75,8b
2014-08-15T19:06:54.955Z,3,127508,129,255,8,01,ac,05,b8,01,1e,75,8b
2014-08-15T19:06:55.019Z,3,127508,129,255,8,01,b0,05,11,02,1e,75,8c
2014-08-15T19:06:56.469Z,3,127508,129,255,8,01,ae,05,cc,01,1e,75,8c
2014-08-15T19:06:56.697Z,3,127508,129,255,8,01,ac,05,9f,01,1e,75,8c
2014-08-15T19:06:56.872Z,3,127508,129,255,8,01,af,05,f7,01,1e,75,8c
2014-08-15T19:06:57.092Z,3,127508,129,255,8,01,b0,05,07,02,1e,75,8c
2014-08-15T19:06:57.700Z,3,127508,129,255,8,01,ae,05,c8,01,1e,75,8c
2014-08-15T19:06:58.886Z,3,127508,129,255,8,01,ac,05,ae,01,1e,75,8c
2014-08-15T19:06:59.457Z,3,127508,129,255,8,01,ac,05,af,01,1e,75,8c
2014-08-15T19:07:00.105Z,3,127508,129,255,8,01,af,05,e5,01,1e,75,8c
2014-08-15T19:07:00.486Z,3,127508,129,255,8,01,af,05,cf,01,1e,75,8c
2014-08-15T19:07:01.304Z,3,127508,129,255,8,01,ae,05,c7,01,1e,75,8e
2014-08-15T19:07:01.924Z,3,127508,129,255,8,01,ae,05,b8,01,1e,75,8e
2014-08-15T19:07:02.582Z,3,127508,129,255,8,01,b1,05,20,02,1e,75,8e
2014-08-15T19:07:02.601Z,3,127508,129,255,8,01,ac,05,9f,01,1e,75,8e
2014-08-15T19:07:03.196Z,3,127508,129,255,8,01,ac,05,8b,01,1e,75,8e
2014-08-15T19:07:03.607Z,3,127508,129,255,8,01,b1,05,1c,02,1e,75,8f
2014-08-15T19:07:04.822Z,3,127508,129,255,8,01,af,05,e9,01,1e,75,8f
2014-08-15T19:07:05.103Z,3,127508,129,255,8,01,b0,05,f5,01,1e,75,8f
2014-08-15T19:07:05.272Z,3,127508,129,255,8,01,ae,05,b7,01,1e,75,8f
2014-08-15T19:07:05.892Z,3,127508,129,255,8,01,b0,05,ec,01,1e,75,8f
2014-08-15T19:07:07.236Z,3,127508,129,255,8,01,b0,05,f9,01,1e,75,90
2014-08-15T19:07:08.566Z,3,127508,129,255,8,01,ae,05,c4,01,1e,75,90
2014-08-15T19:07:08.753Z,3,127508,129,255,8,01,af,05,e2,01,1e,75,90
2014-08-15T19:07:09.039Z,3,127508,129,255,8,01,ae,05,c4,01,1e,75,90
2014-08-15T19:07:09.466Z,3,127508,129,255,8,01,af,05,c5,01,1e,75,90
2014-08-15T19:07:09.802Z,3,127508,129,255,8,01,ac,05,97,01,1e,75,91
2014-08-15T19:07:11.327Z,3,127508,129,255,8,01,ae,05,bf,01,1e,75,91
2014-08-15T19:07:11.566Z,3,127508,129,255,8,01,ae,05,ac,01,1e,75,91
2014-08-15T19:07:11.720Z,3,127508,129,255,8,01,ae,05,a9,01,1e,75,91
2014-08-15T19:07:12.090Z,3,127508,129,255,8,01,af,05,c3,01,1e,75,91
2014-08-15T19:07:12.195Z,3,127508,129,255,8,01,af,05,c7,01,1e,75,92
2014-08-15T19:07:12.816Z,3,127508,129,255,8,01,ae,05,af,01,1e,75,92
2014-08-15T19:07:13.217Z,3,127508,129,255,8,01,af,05,c3,01,1e,75,92
2014-08-15T19:07:13.839Z,3,127508,129,255,8,01,af,05,cf,01,1e,75,92
2014-08-15T19:07:14.173Z,3,127508,129,255,8,01,af,05,c2,01,1e,75,92
2014-08-15T19:07:15.779Z,3,127508,129,255,8,01,ac,05,8f,01,1e,75,93
2014-08-15T19:07:16.168Z,3,127508,129,255,8,01,af,05,c2,01,1e,75,93
2014-08-15T19:07:16.584Z,3,127508,129,255,8,01,ae,05,ac,01,1e,75,93
2014-08-15T19:07:16.689Z,3,127508,129,255,8,01,ae,05,93,01,1e,75,93
2014-08-15T19:07:17.371Z,3,127508,129,255,8,01,b0,05,e4,01,1e,75,93
2014-08-15T19:07:18.293Z,3,127508,129,255,8,01,ae,05,8e,01,1e,75,94
2014-08-15T19:07:18.797Z,3,127508,129,255,8,01,b0,05,cb,01,1e,75,94
2014-08-15T19:07:19.266Z,3,127508,129,255,8,01,af,05,ae,01,1e,75,94
2014-08-15T19:07:19.284Z,3,127508,129,255,8,01,ae,05,8c,01,1e,75,94
2014-08-15T19:07:19.300Z,3,127508,129,255,8,01,ac,05,77,01,1e,75,94
2014-08-15T19:07:19.951Z,3,127508,129,255,8,01,ae,05,93,01,1e,75,95
2014-08-15T19:07:20.451Z,3,127508,129,255,8,01,af,05,c2,01,1e,75,95
2014-08-15T19:07:20.865Z,3,127508,129,255,8,01,ae,05,87,01,1e,75,95
2014-08-15T19:07:21.470Z,3,127508,129,255,8,01,b0,05,c9,01,1e,75,95
2014-08-15T19:07:22.000Z,3,127508,129,255,8,01,b0,05,c7,01,1e,75,95
2014-08-15T19:07:22.494Z,3,127508,129,255,8,01,af,05,bc,01,1e,75,96
2014-08-15T19:07:23.642Z,3,127508,129,255,8,01,af,05,b0,01,1e,75,96
2014-08-15T19:07:24.017Z,3,127508,129,255,8,01,b0,05,c5,01,1e,75,96
2014-08-15T19:07:24.583Z,3,127508,129,255,8,01,b1,05,e2,01,1e,75,96
2014-08-15T19:07:24.840Z,3,127508,129,255,8,01,af,05,a4,01,1e,75,96
2014-08-15T19:07:25.548Z,3,127508,129,255,8,01,b1,05,f3,01,1e,75,97
2014-08-15T19:07:26.395Z,3,127508,129,255,8,01,ac,05,73,01,1e,75,97
2014-08-15T19:07:26.442Z,3,127508,129,255,8,01,ac,05,5f,01,1e,75,97
2014-08-15T19:07:26.736Z,3,127508,129,255,8,01,af,05,9b,01,1e,75,97
2014-08-15T19:07:26.841Z,3,127508,129,255,8,01,ae,05,7a,01,1e,75,97
2014-08-15T19:07:27.485Z,3,127508,129,255,8,01,ae,05,78,01,1e,75,98
2014-08-15T19:07:28.181Z,3,127508,129,255,8,01,af,05,b0,01,1e,75,98
2014-08-15T19:07:28.595Z,3,127508,129,255,8,01,ae,05,80,01,1e,75,98
2014-08-15T19:07:28.927Z,3,127508,129,255,8,01,af,05,99,01,1e,75,98
2014-08-15T19:07:29.077Z,3,127508,129,255,8,01,ae,05,7f,01,1e,75,98
2014-08-15T19:07:29.665Z,3,127508,129,255,8,01,ac,05,67,01,1e,75,99
2014-08-15T19:07:30.422Z,3,127508,129,255,8,01,ae,05,7b,01,1e,75,99
2014-08-15T19:07:30.503Z,3,127508,129,255,8,01,ae,05,87,01,1e,75,99
2014-08-15T19:07:30.688Z,3,127508,129,255,8,01,b1,05,cc,01,1e,75,99
2014-08-15T19:07:30.791Z,3,127508,129,255,8,01,af,05,a1,01,1e,75,99
2014-08-15T19:07:31.551Z,3,127508,129,255,8,01,af,05,9e,01,1e,75,9a
2014-08-15T19:07:32.351Z,3,127508,129,255,8,01,af,05,a0,01,1e,75,9a
2014-08-15T19:07:32.730Z,3,127508,129,255,8,01,b0,05,a6,01,1e,75,9a
2014-08-15T19:07:32.901Z,3,127508,129,255,8,01,af,05,9e,01,1e,75,9a
2014-08-15T19:07:33.596Z,3,127508,129,255,8,01,ae,05,60,01,1e,75,9a
2014-08-15T19:07:34.077Z,3,127508,129,255,8,01,af,05,90,01,1e,75,9b
2014-08-15T19:07:35.453Z,3,127508,129,255,8,01,b0,05,a8,01,1e,75,9b
2014-08-15T19:07:35.884Z,3,127508,129,255,8,01,b0,05,bc,01,1e,75,9b
2014-08-15T19:07:36.226Z,3,127508,129,255,8,01,af,05,8c,01,1e,75,9b
2014-08-15T19:07:36.302Z,3,127508,129,255,8,01,b0,05,a2,01,1e,75,9b
2014-08-15T19:07:37.210Z,3,127508,129,255,8,01,af,05,93,01,1e,75,9c
2014-08-15T19:07:37.679Z,3,127508,129,255,8,01,af,05,80,01,1e,75,9c
2014-08-15T19:07:37.948Z,3,127508,129,255,8,01,ac,05,37,01,1e,75,9c
2014-08-15T19:07:38.003Z,3,127508,129,255,8,01,ac,05,43,01,1e,75,9c
2014-08-15T19:07:38.223Z,3,127508,129,255,8,01,ae,05,53,01,1e,75,9c
2014-08-15T19:07:39.016Z,3,127508,129,255,8,01,ae,05,5e,01,1e,75,9c
2014-08-15T19:07:40.186Z,3,127508,129,255,8,01,af,05,72,01,1e,75,9c
2014-08-15T19:07:40.740Z,3,127508,129,255,8,01,af,05,87,01,1e,75,9c
2014-08-15T19:07:40.768Z,3,127508,129,255,8,01,ae,05,6c,01,1e,75,9c
2014-08-15T19:07:41.117Z,3,127508,129,255,8,01,b0,05,90,01,1e,75,9c
2014-08-15T19:07:41.867Z,3,127508,129,255,8,01,ac,05,47,01,1e,75,9e
2014-08-15T19:07:43.798Z,3,127508,129,255,8,01,af,05,71,01,1e,75,9e
2014-08-15T19:07:44.098Z,3,127508,129,255,8,01,ae,05,5a,01,1e,75,9e
2014-08-15T19:07:44.120Z,3,127508,129,255,8,01,af,05,84,01,1e,75,9e
2014-08-15T19:07:44.502Z,3,127508,129,255,8,01,af,05,82,01,1e,75,9e
2014-08-15T19:07:45.664Z,3,127508,129,255,8,01,af,05,69,01,1e,75,9f
2014-08-15T19:07:46.869Z,3,127508,129,255,8,01,b0,05,89,01,1e,75,9f
2014-08-15T19:07:46.897Z,3,127508,129,255,8,01,ae,05,4f,01,1e,75,9f
2014-08-15T19:07:47.327Z,3,127508,129,255,8,01,ae,05,54,01,1e,75,9f
2014-08-15T19:07:47.494Z,3,127508,129,255,8,01,ac,05,30,01,1e,75,9f
2014-08-15T19:07:48.114Z,3,127508,129,255,8,01,ae,05,4f,01,1e,75,a0
2014-08-15T19:07:49.531Z,3,127508,129,255,8,01,ae,05,54,01,1e,75,a0
2014-08-15T19:07:49.666Z,3,127508,129,255,8,01,ac,05,34,01,1e,75,a0
2014-08-15T19:07:49.743Z,3,127508,129,255,8,01,af,05,69,01,1e,75,a0
2014-08-15T19:07:50.335Z,3,127508,129,255,8,01,b0,05,92,01,1e,75,a0
2014-08-15T19:07:51.009Z,3,127508,129,255,8,01,b0,05,7c,01,1e,75,a1
2014-08-15T19:07:52.316Z,3,127508,129,255,8,01,ac,05,28,01,1e,75,a1
2014-08-15T19:07:52.716Z,3,127508,129,255,8,01,ae,05,4c,01,1e,75,a1
2014-08-15T19:07:53.319Z,3,127508,129,255,8,01,b1,05,a4,01,1e,75,a1
2014-08-15T19:07:53.557Z,3,127508,129,255,8,01,af,05,76,01,1e,75,a1
2014-08-15T19:07:54.439Z,3,127508,129,255,8,01,b0,05,81,01,1e,75,a2
2014-08-15T19:07:55.667Z,3,127508,129,255,8,01,af,05,6c,01,1e,75,a2
2014-08-15T19:07:55.675Z,3,127508,129,255,8,01,af,05,66,01,1e,75,a2
2014-08-15T19:07:55.851Z,3,127508,129,255,8,01,b0,05,7a,01,1e,75,a2
2014-08-15T19:07:56.125Z,3,127508,129,255,8,01,b0,05,8e,01,1e,75,a2
2014-08-15T19:07:56.282Z,3,127508,129,255,8,01,af,05,67,01,1e,75,a3
2014-08-15T19:07:57.341Z,3,127508,129,255,8,01,af,05,6a,01,1e,75,a3
2014-08-15T19:07:57.853Z,3,127508,129,255,8,01,ae,05,2c,01,1e,75,a3
2014-08-15T19:07:58.017Z,3,127508,129,255,8,01,ac,05,29,01,1e,75,a3
2014-08-15T19:07:58.377Z,3,127508,129,255,8,01,ae,05,42,01,1e,75,a3
2014-08-15T19:07:58.964Z,3,127508,129,255,8,01,af,05,5a,01,1e,75,a4
2014-08-15T19:08:00.091Z,3,127508,129,255,8,01,ac,05,16,01,1e,75,a4
2014-08-15T19:08:00.781Z,3,127508,129,255,8,01,b0,05,71,01,1e,75,a4
2014-08-15T19:08:00.857Z,3,127508,129,255,8,01,ac,05,22,01,1e,75,a4
2014-08-15T19:08:01.273Z,3,127508,129,255,8,01,af,05,61,01,1e,75,a4
2014-08-15T19:08:01.975Z,3,127508,129,255,8,01,af,05,66,01,1e,75,a5
2014-08-15T19:08:03.676Z,3,127508,129,255,8,01,b1,05,8f,01,1e,75,a5
2014-08-15T19:08:04.338Z,3,127508,129,255,8,01,ae,05,24,01,1e,75,a5
2014-08-15T19:08:04.465Z,3,127508,129,255,8,01,af,05,49,01,1e,75,a5
2014-08-15T19:08:04.653Z,3,127508,129,255,8,01,af,05,5c,01,1e,75,a5
2014-08-15T19:08:05.165Z,3,127508,129,255,8,01,b0,05,69,01,1e,75,a6
2014-08-15T19:08:05.780Z,3,127508,129,255,8,01,ae,05,23,01,1e,75,a6
2014-08-15T19:08:05.824Z,3,127508,129,255,8,01,b0,05,5f,01,1e,75,a6
2014-08-15T19:08:06.150Z,3,127508,129,255,8,01,ac,05,ff,00,1e,75,a6
2014-08-15T19:08:06.747Z,3,127508,129,255,8,01,af,05,41,01,1e,75,a6
2014-08-15T19:08:07.479Z,3,127508,129,255,8,01,ae,05,37,01,1e,75,a7
2014-08-15T19:08:08.113Z,3,127508,129,255,8,01,b0,05,6a,01,1e,75,a7
2014-08-15T19:08:08.608Z,3,127508,129,255,8,01,b1,05,7c,01,1e,75,a7
2014-08-15T19:08:08.769Z,3,127508,129,255,8,01,ac,05,11,01,1e,75,a7
2014-08-15T19:08:09.178Z,3,127508,129,255,8,01,af,05,55,01,1e,75,a7
2014-08-15T19:08:10.041Z,3,127508,129,255,8,01,ac,05,02,01,1e,75,a8
2014-08-15T19:08:10.680Z,3,127508,129,255,8,01,ae,05,31,01,1e,75,a8
2014-08-15T19:08:11.117Z,3,127508,129,255,8,01,ae,05,1c,01,1e,75,a8
2014-08-15T19:08:11.689Z,3,127508,129,255,8,01,b0,05,58,01,1e,75,a8
2014-08-15T19:08:12.216Z,3,127508,129,255,8,01,ae,05,27,01,1e,75,a8
2014-08-15T19:08:13.047Z,3,127508,129,255,8,01,af,05,39,01,1e,75,a9
2014-08-15T19:08:13.980Z,3,127508,129,255,8,01,ae,05,23,01,1e,75,a9
2014-08-15T19:08:14.557Z,3,127508,129,255,8,01,b0,05,65,01,1e,75,a9
2014-08-15T19:08:14.739Z,3,127508,129,255,8,01,ac,05,f0,00,1e,75,a9
2014-08-15T19:08:15.380Z,3,127508,129,255,8,01,af,05,3c,01,1e,75,a9
2014-08-15T19:08:16.016Z,3,127508,129,255,8,01,af,05,3f,01,1e,75,aa
2014-08-15T19:08:17.743Z,3,127508,129,255,8,01,ae,05,15,01,1e,75,aa
2014-08-15T19:08:17.859Z,3,127508,129,255,8,01,ae,05,22,01,1e,75,aa
2014-08-15T19:08:17.886Z,3,127508,129,255,8,01,ae,05,1c,01,1e,75,aa
2014-08-15T19:08:18.155Z,3,127508,129,255,8,01,af,05,34,01,1e,75,aa
2014-08-15T19:08:18.676Z,3,127508,129,255,8,01,ae,05,10,01,1e,75,ab
2014-08-15T19:08:20.262Z,3,127508,129,255,8,01,af,05,42,01,1e,75,ab
2014-08-15T19:08:20.369Z,3,127508,129,255,8,01,ae,05,0a,01,1e,75,ab
2014-08-15T19:08:20.863Z,3,127508,129,255,8,01,af,05,2f,01,1e,75,ab
2014-08-15T19:08:21.536Z,3,127508,129,255,8,01,b0,05,64,01,1e,75,ab
2014-08-15T19:08:22.616Z,3,127508,129,255,8,01,b1,05,78,01,1e,75,ac
2014-08-15T19:08:23.391Z,3,127508,129,255,8,01,af,05,40,01,1e,75,ac
2014-08-15T19:08:23.927Z,3,127508,129,255,8,01,af,05,2f,01,1e,75,ac
2014-08-15T19:08:23.977Z,3,127508,129,255,8,01,b0,05,4c,01,1e,75,ac
2014-08-15T19:08:24.376Z,3,127508,129,255,8,01,b0,05,4a,01,1e,75,ac
2014-08-15T19:08:24.667Z,3,127508,129,255,8,01,ae,05,00,01,1e,75,ac
2014-08-15T19:08:25.291Z,3,127508,129,255,8,01,ae,05,11,01,1e,75,ac
2014-08-15T19:08:25.988Z,3,127508,129,255,8,01,ac,05,f7,00,1e,75,ac
2014-08-15T19:08:26.435Z,3,127508,129,255,8,01,af,05,29,01,1e,75,ac
2014-08-15T19:08:26.653Z,3,127508,129,255,8,01,ac,05,bf,00,1e,75,ac
2014-08-15T19:08:27.685Z,3,127508,129,255,8,01,ac,05,e4,00,1e,75,ae
2014-08-15T19:08:28.727Z,3,127508,129,255,8,01,af,05,39,01,1e,75,ae
2014-08-15T19:08:29.169Z,3,127508,129,255,8,01,ac,05,f1,00,1e,75,ae
2014-08-15T19:08:29.297Z,3,127508,129,255,8,01,af,05,23,01,1e,75,ae
2014-08-15T19:08:29.359Z,3,127508,129,255,8,01,ac,05,cc,00,1e,75,ae
2014-08-15T19:08:29.861Z,3,127508,129,255,8,01,af,05,25,01,1e,75,af
2014-08-15T19:08:31.379Z,3,127508,129,255,8,01,b0,05,3c,01,1e,75,af
2014-08-15T19:08:31.949Z,3,127508,129,255,8,01,ac,05,e9,00,1e,75,af
2014-08-15T19:08:32.022Z,3,127508,129,255,8,01,af,05,26,01,1e,75,af
2014-08-15T19:08:32.415Z,3,127508,129,255,8,01,b0,05,44,01,1e,75,af
2014-08-15T19:08:33.142Z,3,127508,129,255,8,01,b0,05,3e,01,1e,75,b0
2014-08-15T19:08:33.850Z,3,127508,129,255,8,01,ae,05,f1,00,1e,75,b0
2014-08-15T19:08:33.930Z,3,127508,129,255,8,01,af,05,17,01,1e,75,b0
2014-08-15T19:08:34.440Z,3,127508,129,255,8,01,ac,05,e2,00,1e,75,b0
2014-08-15T19:08:35.028Z,3,127508,129,255,8,01,ac,05,cc,00,1e,75,b0
2014-08-15T19:08:35.535Z,3,127508,129,255,8,01,af,05,1c,01,1e,75,b1
2014-08-15T19:08:36.540Z,3,127508,129,255,8,01,ae,05,07,01,1e,75,b1
2014-08-15T19:08:36.712Z,3,127508,129,255,8,01,ae,05,03,01,1e,75,b1
2014-08-15T19:08:37.211Z,3,127508,129,255,8,01,ac,05,c2,00,1e,75,b1
2014-08-15T19:08:37.822Z,3,127508,129,255,8,01,ae,05,f9,00,1e,75,b1
2014-08-15T19:08:38.445Z,3,127508,129,255,8,01,ae,05,f7,00,1e,75,b2
2014-08-15T19:08:39.617Z,3,127508,129,255,8,01,ac,05,cc,00,1e,75,b2
2014-08-15T19:08:39.820Z,3,127508,129,255,8,01,b0,05,2f,01,1e,75,b2
2014-08-15T19:08:40.295Z,3,127508,129,255,8,01,b0,05,31,01,1e,75,b2
2014-08-15T19:08:40.769Z,3,127508,129,255,8,01,ae,05,f9,00,1e,75,b2
2014-08-15T19:08:41.458Z,3,127508,129,255,8,01,af,05,04,01,1e,75,b3
2014-08-15T19:08:42.143Z,3,127508,129,255,8,01,af,05,18,01,1e,75,b3
2014-08-15T19:08:42.296Z,3,127508,129,255,8,01,af,05,0c,01,1e,75,b3
2014-08-15T19:08:42.604Z,3,127508,129,255,8,01,af,05,1c,01,1e,75,b3
2014-08-15T19:08:43.198Z,3,127508,129,255,8,01,af,05,22,01,1e,75,b3
2014-08-15T19:08:44.039Z,3,127508,129,255,8,01,ac,05,c0,00,1e,75,b4
2014-08-15T19:08:44.937Z,3,127508,129,255,8,01,ae,05,ec,00,1e,75,b4
2014-08-15T19:08:45.482Z,3,127508,129,255,8,01,b0,05,35,01,1e,75,b4
2014-08-15T19:08:45.749Z,3,127508,129,255,8,01,af,05,13,01,1e,75,b4
2014-08-15T19:08:46.301Z,3,127508,129,255,8,01,af,05,01,01,1e,75,b4
2014-08-15T19:08:46.616Z,3,127508,129,255,8,01,af,05,0f,01,1e,75,b5
2014-08-15T19:08:47.661Z,3,127508,129,255,8,01,af,05,17,01,1e,75,b5
2014-08-15T19:08:47.999Z,3,127508,129,255,8,01,b0,05,22,01,1e,75,b5
2014-08-15T19:08:48.663Z,3,127508,129,255,8,01,af,05,11,01,1e,75,b5
2014-08-15T19:08:49.302Z,3,127508,129,255,8,01,b0,05,22,01,1e,75,b5
2014-08-15T19:08:49.830Z,3,127508,129,255,8,01,b0,05,1f,01,1e,75,b6
2014-08-15T19:08:51.130Z,3,127508,129,255,8,01,b0,05,27,01,1e,75,b6
2014-08-15T19:08:51.437Z,3,127508,129,255,8,01,ae,05,ec,00,1e,75,b6
2014-08-15T19:08:52.038Z,3,127508,129,255,8,01,ae,05,f3,00,1e,75,b6
2014-08-15T19:08:52.537Z,3,127508,129,255,8,01,ac,05,c6,00,1e,75,b6
2014-08-15T19:08:52.927Z,3,127508,129,255,8,01,b0,05,23,01,1e,75,b7
2014-08-15T19:08:53.247Z,3,127508,129,255,8,01,af,05,f8,00,1e,75,b7
2014-08-15T19:08:53.267Z,3,127508,129,255,8,01,ac,05,cf,00,1e,75,b7
2014-08-15T19:08:53.523Z,3,127508,129,255,8,01,ae,05,ec,00,1e,75,b7
2014-08-15T19:08:53.779Z,3,127508,129,255,8,01,ac,05,cf,00,1e,75,b7
2014-08-15T19:08:54.477Z,3,127508,129,255,8,01,ae,05,cf,00,1e,75,b8
2014-08-15T19:08:55.346Z,3,127508,129,255,8,01,ac,05,cc,00,1e,75,b8
2014-08-15T19:08:55.361Z,3,127508,129,255,8,01,ae,05,c3,00,1e,75,b8
2014-08-15T19:08:56.005Z,3,127508,129,255,8,01,b0,05,20,01,1e,75,b8
2014-08-15T19:08:56.036Z,3,127508,129,255,8,01,af,05,00,01,1e,75,b8
2014-08-15T19:08:56.833Z,3,127508,129,255,8,01,ae,05,c1,00,1e,75,b9
2014-08-15T19:08:58.643Z,3,127508,129,255,8,01,ae,05,cc,00,1e,75,b9
2014-08-15T19:08:59.128Z,3,127508,129,255,8,01,ac,05,a7,00,1e,75,b9
2014-08-15T19:08:59.378Z,3,127508,129,255,8,01,ae,05,c7,00,1e,75,b9
2014-08-15T19:08:59.451Z,3,127508,129,255,8,01,b0,05,0b,01,1e,75,b9
2014-08-15T19:09:00.106Z,3,127508,129,255,8,01,ae,05,e4,00,1e,75,ba
2014-08-15T19:09:01.188Z,3,127508,129,255,8,01,af,05,f2,00,1e,75,ba
2014-08-15T19:09:01.759Z,3,127508,129,255,8,01,b0,05,11,01,1e,75,ba
2014-08-15T19:09:02.279Z,3,127508,129,255,8,01,af,05,ec,00,1e,75,ba
2014-08-15T19:09:02.410Z,3,127508,129,255,8,01,ae,05,c8,00,1e,75,ba
2014-08-15T19:09:03.047Z,3,127508,129,255,8,01,b0,05,0c,01,1e,75,bb
2014-08-15T19:09:03.780Z,3,127508,129,255,8,01,af,05,f6,00,1e,75,bb
2014-08-15T19:09:04.069Z,3,127508,129,255,8,01,b1,05,3b,01,1e,75,bb
2014-08-15T19:09:04.698Z,3,127508,129,255,8,01,ac,05,b4,00,1e,75,bb
2014-08-15T19:09:05.391Z,3,127508,129,255,8,01,af,05,fc,00,1e,75,bb
2014-08-15T19:09:05.645Z,3,127508,129,255,8,01,ae,05,cc,00,1e,75,bc
2014-08-15T19:09:07.308Z,3,127508,129,255,8,01,af,05,00,01,1e,75,bc
2014-08-15T19:09:07.882Z,3,127508,129,255,8,01,b0,05,07,01,1e,75,bc
2014-08-15T19:09:08.468Z,3,127508,129,255,8,01,af,05,ff,00,1e,75,bc
2014-08-15T19:09:08.665Z,3,127508,129,255,8,01,b0,05,03,01,1e,75,bc
2014-08-15T19:09:09.600Z,3,127508,129,255,8,01,ae,05,be,00,1e,75,bc
2014-08-15T19:09:10.951Z,3,127508,129,255,8,01,ae,05,c8,00,1e,75,bc
2014-08-15T19:09:11.355Z,3,127508,129,255,8,01,ae,05,c7,00,1e,75,bc
2014-08-15T19:09:11.667Z,3,127508,129,255,8,01,ae,05,cb,00,1e,75,bc
2014-08-15T19:09:12.174Z,3,127508,129,255,8,01,af,05,fc,00,1e,75,bc
2014-08-15T19:09:13.262Z,3,127508,129,255,8,01,b0,05,14,01,1e,75,be
2014-08-15T19:09:14.778Z,3,127508,129,255,8,01,ae,05,c4,00,1e,75,be
2014-08-15T19:09:15.404Z,3,127508,129,255,8,01,af,05,f4,00,1e,75,be
2014-08-15T19:09:15.905Z,3,127508,129,255,8,01,ae,05,c4,00,1e,75,be
2014-08-15T19:09:16.077Z,3,127508,129,255,8,01,b0,05,05,01,1e,75,be
2014-08-15T19:09:16.543Z,3,127508,129,255,8,01,af,05,c8,00,1e,75,bf
2014-08-15T19:09:17.486Z,3,127508,129,255,8,01,ac,05,b1,00,1e,75,bf
2014-08-15T19:09:17.733Z,3,127508,129,255,8,01,af,05,ec,00,1e,75,bf
2014-08-15T19:09:18.373Z,3,127508,129,255,8,01,af,05,f3,00,1e,75,bf
2014-08-15T19:09:18.739Z,3,127508,129,255,8,01,b1,05,19,01,1e,75,bf
2014-08-15T19:09:19.058Z,3,127508,129,255,8,01,af,05,c7,00,1e,75,c0
2014-08-15T19:09:19.647Z,3,127508,129,255,8,01,af,05,ea,00,1e,75,c0
2014-08-15T19:09:20.276Z,3,127508,129,255,8,01,b0,05,0c,01,1e,75,c0
2014-08-15T19:09:20.445Z,3,127508,129,255,8,01,ae,05,c3,00,1e,75,c0
2014-08-15T19:09:20.824Z,3,127508,129,255,8,01,af,05,ec,00,1e,75,c0
2014-08-15T19:09:21.927Z,3,127508,129,255,8,01,ac,05,a7,00,1e,75,c1
2014-08-15T19:09:22.663Z,3,127508,129,255,8,01,b0,05,04,01,1e,75,c1
2014-08-15T19:09:23.312Z,3,127508,129,255,8,01,af,05,cc,00,1e,75,c1
2014-08-15T19:09:23.980Z,3,127508,129,255,8,01,ac,05,9c,00,1e,75,c1
2014-08-15T19:09:24.077Z,3,127508,129,255,8,01,af,05,c2,00,1e,75,c1
2014-08-15T19:09:24.709Z,3,127508,129,255,8,01,b0,05,0c,01,1e,75,c2
2014-08-15T19:09:25.315Z,3,127508,129,255,8,01,b0,05,f7,00,1e,75,c2
2014-08-15T19:09:25.716Z,3,127508,129,255,8,01,ac,05,aa,00,1e,75,c2
2014-08-15T19:09:26.274Z,3,127508,129,255,8,01,b0,05,0b,01,1e,75,c2
2014-08-15T19:09:26.591Z,3,127508,129,255,8,01,af,05,ce,00,1e,75,c2
2014-08-15T19:09:27.505Z,3,127508,129,255,8,01,af,05,eb,00,1e,75,c3
2014-08-15T19:09:28.006Z,3,127508,129,255,8,01,af,05,cc,00,1e,75,c3
2014-08-15T19:09:28.686Z,3,127508,129,255,8,01,ae,05,ab,00,1e,75,c3
2014-08-15T19:09:29.121Z,3,127508,129,255,8,01,ae,05,c2,00,1e,75,c3
2014-08-15T19:09:29.331Z,3,127508,129,255,8,01,b0,05,ec,00,1e,75,c3
2014-08-15T19:09:29.800Z,3,127508,129,255,8,01,ae,05,c4,00,1e,75,c4
2014-08-15T19:09:31.048Z,3,127508,129,255,8,01,b0,05,04,01,1e,75,c4
2014-08-15T19:09:31.655Z,3,127508,129,255,8,01,ae,05,b5,00,1e,75,c4
2014-08-15T19:09:31.834Z,3,127508,129,255,8,01,af,05,cc,00,1e,75,c4
2014-08-15T19:09:32.056Z,3,127508,129,255,8,01,ac,05,9c,00,1e,75,c4
2014-08-15T19:09:32.656Z,3,127508,129,255,8,01,af,05,ca,00,1e,75,c5
2014-08-15T19:09:34.388Z,3,127508,129,255,8,01,ac,05,9f,00,1e,75,c5
2014-08-15T19:09:34.548Z,3,127508,129,255,8,01,ac,05,82,00,1e,75,c5
2014-08-15T19:09:34.766Z,3,127508,129,255,8,01,af,05,ce,00,1e,75,c5
2014-08-15T19:09:34.808Z,3,127508,129,255,8,01,ae,05,a2,00,1e,75,c5
2014-08-15T19:09:35.947Z,3,127508,129,255,8,01,af,05,e0,00,1e,75,c6
2014-08-15T19:09:36.676Z,3,127508,129,255,8,01,af,05,e0,00,1e,75,c6
2014-08-15T19:09:37.203Z,3,127508,129,255,8,01,ae,05,b6,00,1e,75,c6
2014-08-15T19:09:37.738Z,3,127508,129,255,8,01,ae,05,a3,00,1e,75,c6
2014-08-15T19:09:38.102Z,3,127508,129,255,8,01,ae,05,a8,00,1e,75,c6
2014-08-15T19:09:38.446Z,3,127508,129,255,8,01,af,05,cf,00,1e,75,c7
2014-08-15T19:09:39.542Z,3,127508,129,255,8,01,b1,05,02,01,1e,75,c7
2014-08-15T19:09:39.694Z,3,127508,129,255,8,01,ae,05,ab,00,1e,75,c7
2014-08-15T19:09:39.791Z,3,127508,129,255,8,01,ae,05,b1,00,1e,75,c7
2014-08-15T19:09:40.033Z,3,127508,129,255,8,01,ae,05,b8,00,1e,75,c7
2014-08-15T19:09:40.321Z,3,127508,129,255,8,01,ac,05,96,00,1e,75,c8
2014-08-15T19:09:40.527Z,3,127508,129,255,8,01,ae,05,b8,00,1e,75,c8
2014-08-15T19:09:41.034Z,3,127508,129,255,8,01,af,05,c7,00,1e,75,c8
2014-08-15T19:09:41.609Z,3,127508,129,255,8,01,af,05,c2,00,1e,75,c8
2014-08-15T19:09:41.705Z,3,127508,129,255,8,01,af,05,c3,00,1e,75,c8
2014-08-15T19:09:42.482Z,3,127508,129,255,8,01,af,05,b7,00,1e,75,c9
2014-08-15T19:09:44.014Z,3,127508,129,255,8,01,af,05,c5,00,1e,75,c9
2014-08-15T19:09:44.426Z,3,127508,129,255,8,01,af,05,c3,00,1e,75,c9
2014-08-15T19:09:44.793Z,3,127508,129,255,8,01,ac,05,8f,00,1e,75,c9
2014-08-15T19:09:44.797Z,3,127508,129,255,8,01,ac,05,81,00,1e,75,c9
2014-08-15T19:09:45.483Z,3,127508,129,255,8,01,ae,05,9b,00,1e,75,ca
2014-08-15T19:09:46.809Z,3,127508,129,255,8,01,ae,05,ac,00,1e,75,ca
2014-08-15T19:09:46.979Z,3,127508,129,255,8,01,ac,05,62,00,1e,75,ca
2014-08-15T19:09:47.167Z,3,127508,129,255,8,01,ae,05,9f,00,1e,75,ca
2014-08-15T19:09:47.741Z,3,127508,129,255,8,01,ae,05,97,00,1e,75,ca
2014-08-15T19:09:48.561Z,3,127508,129,255,8,01,ac,05,7c,00,1e,75,cb
2014-08-15T19:09:50.063Z,3,127508,129,255,8,01,ac,05,8e,00,1e,75,cb
2014-08-15T19:09:50.540Z,3,127508,129,255,8,01,ac,05,84,00,1e,75,cb
2014-08-15T19:09:50.976Z,3,127508,129,255,8,01,ac,05,84,00,1e,75,cb
2014-08-15T19:09:51.375Z,3,127508,129,255,8,01,ac,05,64,00,1e,75,cb
2014-08-15T19:09:51.760Z,3,127508,129,255,8,01,af,05,c8,00,1e,75,cc
2014-08-15T19:09:52.307Z,3,127508,129,255,8,01,af,05,cf,00,1e,75,cc
2014-08-15T19:09:52.394Z,3,127508,129,255,8,01,ac,05,83,00,1e,75,cc
2014-08-15T19:09:52.952Z,3,127508,129,255,8,01,ac,05,84,00,1e,75,cc
2014-08-15T19:09:53.296Z,3,127508,129,255,8,01,b0,05,ec,00,1e,75,cc
2014-08-15T19:09:53.608Z,3,127508,129,255,8,01,af,05,cc,00,1e,75,cc
2014-08-15T19:09:54.557Z,3,127508,129,255,8,01,ae,05,a9,00,1e,75,cc
2014-08-15T19:09:54.638Z,3,127508,129,255,8,01,ac,05,78,00,1e,75,cc
2014-08-15T19:09:55.113Z,3,127508,129,255,8,01,ae,05,9a,00,1e,75,cc
2014-08-15T19:09:55.447Z,3,127508,129,255,8,01,b0,05,c3,00,1e,75,cc
2014-08-15T19:09:55.887Z,3,127508,129,255,8,01,ae,05,9a,00,1e,75,ce
2014-08-15T19:09:56.687Z,3,127508,129,255,8,01,ae,05,95,00,1e,75,ce
2014-08-15T19:09:56.894Z,3,127508,129,255,8,01,af,05,c5,00,1e,75,ce
2014-08-15T19:09:57.166Z,3,127508,129,255,8,01,ac,05,6a,00,1e,75,ce
2014-08-15T19:09:57.841Z,3,127508,129,255,8,01,af,05,aa,00,1e,75,ce
2014-08-15T19:09:59.095Z,3,127508,129,255,8,01,ac,05,77,00,1e,75,cf
2014-08-15T19:09:59.766Z,3,127508,129,255,8,01,ae,05,a4,00,1e,75,cf
